,재비산먼지 평균농도(㎍/㎥)
0,5.0
1,4.0
2,8.0
3,8.0
4,7.0
5,7.0
6,7.0
7,3.0
8,3.0
9,3.0
10,7.0
11,36.0
12,36.0
13,24.0
14,83.0
15,24.0
16,23.0
17,46.0
18,29.0
19,51.0
20,23.0
21,27.0
22,10.0
23,10.0
24,10.0
25,12.0
26,121.0
27,40.0
28,47.0
29,108.0
30,93.0
31,50.0
32,91.0
33,30.0
34,34.0
35,31.0
36,91.0
37,35.0
38,22.0
39,27.0
40,18.0
41,17.0
42,21.0
43,32.0
44,52.0
45,29.0
46,17.0
47,18.0
48,22.0
49,15.0
50,28.0
51,22.0
52,34.0
53,31.0
54,27.0
55,37.0
56,28.0
57,29.0
58,21.0
59,21.0
60,13.0
61,18.0
62,20.0
63,20.0
64,16.0
65,15.0
66,15.0
67,22.0
68,18.0
69,16.0
70,12.0
71,8.0
72,8.0
73,5.0
74,8.0
75,6.0
76,14.0
77,11.0
78,8.0
79,8.0
80,8.0
81,9.0
82,12.0
83,14.0
84,13.0
85,14.0
86,14.0
87,10.0
88,16.0
89,10.0
90,5.0
91,1.0
92,10.0
93,6.0
94,10.0
95,9.0
96,13.0
97,17.0
98,11.0
99,9.0
100,6.0
101,26.0
102,19.0
103,10.0
104,9.0
105,12.0
106,7.0
107,12.0
108,16.0
109,14.0
110,8.0
111,9.0
112,9.0
113,23.0
114,13.0
115,54.0
116,14.0
117,4.0
118,1.0
119,6.0
120,5.0
121,7.0
122,10.0
123,5.0
124,5.0
125,2.0
126,2.0
127,4.0
128,2.0
129,5.0
130,5.0
131,5.0
132,4.0
133,4.0
134,4.0
135,39.0
136,64.0
137,14.0
138,23.0
139,13.0
140,11.0
141,6.0
142,8.0
143,12.0
144,2.0
145,18.0
146,10.0
147,25.0
148,6.0
149,7.0
150,9.0
151,19.0
152,38.0
153,20.0
154,121.0
155,14.0
156,17.0
157,12.0
158,14.0
159,13.0
160,20.0
161,12.0
162,33.0
163,17.0
164,21.0
165,18.0
166,11.0
167,27.0
168,9.0
169,13.0
170,10.0
171,8.0
172,13.0
173,14.0
174,10.0
175,22.0
176,8.0
177,16.0
178,6.0
179,22.0
180,11.0
181,10.0
182,11.0
183,12.0
184,8.0
185,8.0
186,19.0
187,8.0
188,10.0
189,14.0
190,8.0
191,13.0
192,8.0
193,8.0
194,8.0
195,4.0
196,3.0
197,5.0
198,2.0
199,4.0
200,3.0
201,2.0
202,4.0
203,8.0
204,7.0
205,5.0
206,12.0
207,7.0
208,6.0
209,6.0
210,13.0
211,6.0
212,9.0
213,8.0
214,2.0
215,8.0
216,18.0
217,7.0
218,16.0
219,13.0
220,8.0
221,3.0
222,6.0
223,4.0
224,33.0
225,6.0
226,11.0
227,6.0
228,20.0
229,9.0
230,4.0
231,10.0
232,5.0
233,11.0
234,152.0
235,13.0
236,27.0
237,24.0
238,16.0
239,26.0
240,15.0
241,14.0
242,27.0
243,3.0
244,4.0
245,2.0
246,13.0
247,39.0
248,20.0
249,15.0
250,8.0
251,12.0
252,7.0
253,3.0
254,4.0
255,3.0
256,7.0
257,10.0
258,8.0
259,5.0
260,4.0
261,26.0
262,4.0
263,5.0
264,4.0
265,5.0
266,7.0
267,6.0
268,8.0
269,3.0
270,4.0
271,7.0
272,2.0
273,8.0
274,6.0
275,8.0
276,5.0
277,7.0
278,24.0
279,28.0
280,21.0
281,8.0
282,6.0
283,38.0
284,40.0
285,33.0
286,84.0
287,45.0
288,30.0
289,20.0
290,31.0
291,30.0
292,11.0
293,88.0
294,5.0
295,27.0
296,19.0
297,27.0
298,16.0
299,25.0
300,11.0
301,10.0
302,16.0
303,14.0
304,7.0
305,7.0
306,11.0
307,8.0
308,11.0
309,7.0
310,10.0
311,26.0
312,9.0
313,15.0
314,7.0
315,52.0
316,12.0
317,10.0
318,9.0
319,14.0
320,49.0
321,169.20999999999913
322,22.0
323,11.0
324,26.0
325,15.0
326,17.0
327,11.0
328,7.0
329,8.0
330,21.0
331,36.0
332,9.0
333,8.0
334,12.0
335,22.0
336,13.0
337,20.0
338,6.0
339,7.0
340,33.0
341,5.0
342,6.0
343,15.0
344,10.0
345,16.0
346,10.0
347,15.0
348,4.0
349,9.0
350,18.0
351,37.0
352,169.20999999999913
353,10.0
354,10.0
355,11.0
356,6.0
357,9.0
358,12.0
359,12.0
360,9.0
361,9.0
362,13.0
363,19.0
364,11.0
365,25.0
366,13.0
367,5.0
368,5.0
369,4.0
370,17.0
371,63.0
372,4.0
373,14.0
374,11.0
375,6.0
376,6.0
377,18.0
378,2.0
379,3.0
380,7.0
381,8.0
382,7.0
383,4.0
384,3.0
385,2.0
386,4.0
387,5.0
388,4.0
389,3.0
390,4.0
391,3.0
392,5.0
393,6.0
394,5.0
395,5.0
396,11.0
397,7.0
398,5.0
399,10.0
400,11.0
401,10.0
402,8.0
403,19.0
404,6.0
405,5.0
406,6.0
407,8.0
408,12.0
409,7.0
410,6.0
411,5.0
412,4.0
413,15.0
414,16.0
415,4.0
416,4.0
417,7.0
418,10.0
419,5.0
420,4.0
421,7.0
422,6.0
423,7.0
424,10.0
425,6.0
426,4.0
427,6.0
428,5.0
429,7.0
430,7.0
431,37.0
432,20.0
433,16.0
434,6.0
435,13.0
436,53.0
437,10.0
438,25.0
439,15.0
440,10.0
441,39.0
442,8.0
443,10.0
444,7.0
445,7.0
446,13.0
447,120.0
448,8.0
449,28.0
450,26.0
451,21.0
452,36.0
453,8.0
454,13.0
455,39.0
456,15.0
457,14.0
458,10.0
459,18.0
460,31.0
461,41.0
462,18.0
463,14.0
464,15.0
465,16.0
466,16.0
467,18.0
468,32.0
469,27.0
470,16.0
471,13.0
472,12.0
473,9.0
474,32.0
475,4.0
476,11.0
477,22.0
478,2.0
479,11.0
480,7.0
481,6.0
482,23.0
483,10.0
484,10.0
485,6.0
486,8.0
487,15.0
488,4.0
489,3.0
490,3.0
491,20.0
492,4.0
493,4.0
494,17.0
495,33.0
496,4.0
497,10.0
498,4.0
499,5.0
500,5.0
501,2.0
502,3.0
503,3.0
504,6.0
505,7.0
506,3.0
507,5.0
508,5.0
509,2.0
510,2.0
511,4.0
512,19.0
513,5.0
514,93.0
515,9.0
516,3.0
517,7.0
518,12.0
519,11.0
520,156.0
521,18.0
522,12.0
523,5.0
524,7.0
525,18.0
526,67.0
527,13.0
528,7.0
529,10.0
530,12.0
531,6.0
532,4.0
533,8.0
534,9.0
535,9.0
536,8.0
537,6.0
538,8.0
539,7.0
540,6.0
541,36.0
542,29.0
543,3.0
544,11.0
545,5.0
546,6.0
547,13.0
548,5.0
549,7.0
550,25.0
551,4.0
552,4.0
553,7.0
554,7.0
555,1.0
556,5.0
557,15.0
558,3.0
559,3.0
560,9.0
561,4.0
562,4.0
563,10.0
564,4.0
565,3.0
566,10.0
567,12.0
568,10.0
569,9.0
570,13.0
571,18.0
572,14.0
573,10.0
574,13.0
575,8.0
576,13.0
577,6.0
578,18.0
579,10.0
580,6.0
581,169.20999999999913
582,17.0
583,6.0
584,8.0
585,7.0
586,7.0
587,8.0
588,5.0
589,7.0
590,6.0
591,5.0
592,5.0
593,9.0
594,15.0
595,8.0
596,169.20999999999913
597,11.0
598,8.0
599,9.0
600,6.0
601,8.0
602,7.0
603,9.0
604,21.0
605,23.0
606,5.0
607,54.0
608,7.0
609,14.0
610,5.0
611,12.0
612,12.0
613,7.0
614,8.0
615,6.0
616,10.0
617,7.0
618,9.0
619,8.0
620,6.0
621,4.0
622,3.0
623,3.0
624,4.0
625,5.0
626,3.0
627,4.0
628,5.0
629,3.0
630,5.0
631,4.0
632,4.0
633,5.0
634,4.0
635,4.0
636,6.0
637,5.0
638,9.0
639,4.0
640,6.0
641,5.0
642,7.0
643,4.0
644,6.0
645,4.0
646,7.0
647,9.0
648,4.0
649,10.0
650,5.0
651,11.0
652,21.0
653,11.0
654,12.0
655,27.0
656,16.0
657,30.0
658,18.0
659,11.0
660,16.0
661,13.0
662,11.0
663,6.0
664,5.0
665,4.0
666,6.0
667,5.0
668,4.0
669,3.0
670,4.0
671,3.0
672,3.0
673,18.0
674,21.0
675,19.0
676,19.0
677,19.0
678,18.0
679,8.0
680,10.0
681,20.0
682,10.0
683,31.0
684,6.0
685,18.0
686,4.0
687,9.0
688,18.0
689,5.0
690,8.0
691,12.0
692,16.0
693,13.0
694,10.0
695,40.0
696,11.0
697,14.0
698,12.0
699,11.0
700,7.0
701,11.0
702,8.0
703,8.0
704,11.0
705,9.0
706,10.0
707,10.0
708,15.0
709,11.0
710,11.0
711,9.0
712,8.0
713,8.0
714,5.0
715,7.0
716,8.0
717,9.0
718,6.0
719,5.0
720,6.0
721,5.0
722,6.0
723,7.0
724,5.0
725,8.0
726,7.0
727,6.0
728,8.0
729,10.0
730,5.0
731,5.0
732,6.0
733,5.0
734,2.0
735,6.0
736,6.0
737,39.0
738,5.0
739,3.0
740,9.0
741,5.0
742,20.0
743,7.0
744,5.0
745,9.0
746,7.0
747,124.0
748,11.0
749,14.0
750,6.0
751,5.0
752,22.0
753,8.0
754,6.0
755,5.0
756,5.0
757,3.0
758,17.0
759,11.0
760,20.0
761,12.0
762,6.0
763,8.0
764,5.0
765,30.0
766,6.0
767,11.0
768,11.0
769,18.0
770,8.0
771,10.0
772,25.0
773,20.0
774,12.0
775,10.0
776,19.0
777,15.0
778,33.0
779,5.0
780,6.0
781,6.0
782,5.0
783,2.0
784,4.0
785,7.0
786,1.0
787,8.0
788,4.0
789,1.0
790,3.0
791,2.0
792,5.0
793,8.0
794,3.0
795,4.0
796,5.0
797,3.0
798,4.0
799,4.0
800,5.0
801,5.0
802,4.0
803,5.0
804,2.0
805,13.0
806,9.0
807,8.0
808,9.0
809,9.0
810,12.0
811,13.0
812,10.0
813,9.0
814,10.0
815,7.0
816,5.0
817,8.0
818,4.0
819,4.0
820,2.0
821,10.0
822,9.0
823,15.0
824,13.0
825,10.0
826,8.0
827,6.0
828,6.0
829,7.0
830,7.0
831,16.0
832,5.0
833,5.0
834,5.0
835,2.0
836,1.0
837,5.0
838,2.0
839,4.0
840,9.0
841,4.0
842,4.0
843,3.0
844,8.0
845,8.0
846,13.0
847,9.0
848,92.0
849,14.0
850,5.0
851,4.0
852,9.0
853,6.0
854,56.0
855,4.0
856,5.0
857,9.0
858,7.0
859,9.0
860,4.0
861,15.0
862,27.0
863,16.0
864,22.0
865,13.0
866,14.0
867,14.0
868,13.0
869,13.0
870,16.0
871,16.0
872,26.0
873,23.0
874,32.0
875,14.0
876,11.0
877,17.0
878,10.0
879,7.0
880,12.0
881,23.0
882,96.0
883,16.0
884,7.0
885,6.0
886,6.0
887,9.0
888,12.0
889,6.0
890,14.0
891,36.0
892,11.0
893,9.0
894,9.0
895,10.0
896,12.0
897,14.0
898,24.0
899,13.0
900,28.0
901,6.0
902,7.0
903,6.0
904,7.0
905,7.0
906,7.0
907,8.0
908,6.0
909,16.0
910,10.0
911,21.0
912,11.0
913,11.0
914,6.0
915,9.0
916,15.0
917,10.0
918,10.0
919,7.0
920,11.0
921,10.0
922,7.0
923,10.0
924,10.0
925,7.0
926,18.0
927,54.0
928,39.0
929,61.0
930,10.0
931,16.0
932,7.0
933,10.0
934,32.0
935,14.0
936,5.0
937,15.0
938,4.0
939,5.0
940,5.0
941,8.0
942,4.0
943,4.0
944,4.0
945,3.0
946,50.0
947,10.0
948,4.0
949,6.0
950,24.0
951,56.0
952,47.0
953,25.0
954,23.0
955,20.0
956,21.0
957,38.0
958,23.0
959,27.0
960,15.0
961,79.0
962,16.0
963,8.0
964,8.0
965,5.0
966,6.0
967,5.0
968,4.0
969,4.0
970,33.0
971,9.0
972,4.0
973,6.0
974,7.0
975,6.0
976,6.0
977,10.0
978,6.0
979,5.0
980,9.0
981,11.0
982,15.0
983,16.0
984,19.0
985,18.0
986,40.0
987,37.0
988,82.0
989,23.0
990,11.0
991,7.0
992,20.0
993,5.0
994,7.0
995,4.0
996,6.0
997,7.0
998,5.0
999,3.0
1000,5.0
1001,5.0
1002,9.0
1003,7.0
1004,14.0
1005,5.0
1006,7.0
1007,5.0
1008,10.0
1009,10.0
1010,5.0
1011,18.0
1012,5.0
1013,3.0
1014,11.0
1015,3.0
1016,5.0
1017,4.0
1018,6.0
1019,6.0
1020,16.0
1021,7.0
1022,4.0
1023,51.0
1024,6.0
1025,7.0
1026,6.0
1027,9.0
1028,6.0
1029,4.0
1030,70.0
1031,4.0
1032,20.0
1033,4.0
1034,11.0
1035,4.0
1036,3.0
1037,11.0
1038,4.0
1039,2.0
1040,4.0
1041,8.0
1042,8.0
1043,11.0
1044,25.0
1045,4.0
1046,8.0
1047,5.0
1048,6.0
1049,5.0
1050,6.0
1051,7.0
1052,7.0
1053,9.0
1054,4.0
1055,43.0
1056,7.0
1057,6.0
1058,6.0
1059,15.0
1060,4.0
1061,7.0
1062,8.0
1063,1.0
1064,7.0
1065,6.0
1066,5.0
1067,11.0
1068,23.0
1069,4.0
1070,10.0
1071,7.0
1072,6.0
1073,7.0
1074,5.0
1075,3.0
1076,7.0
1077,3.0
1078,3.0
1079,5.0
1080,2.0
1081,18.0
1082,7.0
1083,18.0
1084,10.0
1085,9.0
1086,9.0
1087,5.0
1088,10.0
1089,11.0
1090,18.0
1091,9.0
1092,5.0
1093,3.0
1094,4.0
1095,5.0
1096,7.0
1097,5.0
1098,62.0
1099,7.0
1100,12.0
1101,6.0
1102,12.0
1103,20.0
1104,12.0
1105,12.0
1106,14.0
1107,3.0
1108,1.0
1109,8.0
1110,4.0
1111,9.0
1112,4.0
1113,19.0
1114,6.0
1115,6.0
1116,2.0
1117,3.0
1118,2.0
1119,8.0
1120,10.0
1121,5.0
1122,10.0
1123,14.0
1124,8.0
1125,8.0
1126,53.0
1127,32.0
1128,34.0
1129,31.0
1130,33.0
1131,28.0
1132,25.0
1133,24.0
1134,25.0
1135,27.0
1136,27.0
1137,17.0
1138,14.0
1139,6.0
1140,18.0
1141,4.0
1142,5.0
1143,3.0
1144,6.0
1145,7.0
1146,13.0
1147,4.0
1148,3.0
1149,4.0
1150,5.0
1151,8.0
1152,13.0
1153,19.0
1154,12.0
1155,14.0
1156,14.0
1157,11.0
1158,12.0
1159,14.0
1160,11.0
1161,11.0
1162,10.0
1163,9.0
1164,20.0
1165,13.0
1166,12.0
1167,15.0
1168,27.0
1169,16.0
1170,15.0
1171,9.0
1172,17.0
1173,10.0
1174,18.0
1175,10.0
1176,7.0
1177,7.0
1178,8.0
1179,6.0
1180,6.0
1181,6.0
1182,17.0
1183,6.0
1184,7.0
1185,5.0
1186,9.0
1187,21.0
1188,26.0
1189,31.0
1190,39.0
1191,118.0
1192,39.0
1193,45.0
1194,54.0
1195,50.0
1196,50.0
1197,44.0
1198,12.0
1199,9.0
1200,7.0
1201,11.0
1202,9.0
1203,8.0
1204,19.0
1205,8.0
1206,12.0
1207,13.0
1208,10.0
1209,19.0
1210,14.0
1211,14.0
1212,11.0
1213,15.0
1214,12.0
1215,13.0
1216,6.0
1217,27.0
1218,6.0
1219,5.0
1220,4.0
1221,4.0
1222,5.0
1223,14.0
1224,17.0
1225,36.0
1226,20.0
1227,14.0
1228,10.0
1229,14.0
1230,12.0
1231,10.0
1232,10.0
1233,20.0
1234,12.0
1235,9.0
1236,9.0
1237,11.0
1238,30.0
1239,52.0
1240,69.0
1241,24.0
1242,31.0
1243,29.0
1244,41.0
1245,32.0
1246,31.0
1247,34.0
1248,14.0
1249,7.0
1250,9.0
1251,51.0
1252,7.0
1253,14.0
1254,10.0
1255,12.0
1256,13.0
1257,12.0
1258,11.0
1259,4.0
1260,13.0
1261,14.0
1262,19.0
1263,13.0
1264,116.0
1265,17.0
1266,15.0
1267,7.0
1268,10.0
1269,9.0
1270,68.0
1271,11.0
1272,11.0
1273,7.0
1274,7.0
1275,10.0
1276,9.0
1277,24.0
1278,13.0
1279,12.0
1280,14.0
1281,14.0
1282,13.0
1283,10.0
1284,9.0
1285,15.0
1286,15.0
1287,11.0
1288,27.0
1289,12.0
1290,9.0
1291,9.0
1292,6.0
1293,13.0
1294,9.0
1295,10.0
1296,5.0
1297,14.0
1298,6.0
1299,7.0
1300,15.0
1301,9.0
1302,10.0
1303,24.0
1304,11.0
1305,50.0
1306,9.0
1307,35.0
1308,7.0
1309,9.0
1310,22.0
1311,14.0
1312,12.0
1313,14.0
1314,13.0
1315,13.0
1316,13.0
1317,11.0
1318,10.0
1319,12.0
1320,13.0
1321,23.0
1322,17.0
1323,11.0
1324,11.0
1325,17.0
1326,33.0
1327,13.0
1328,13.0
1329,13.0
1330,9.0
1331,7.0
1332,7.0
1333,8.0
1334,7.0
1335,8.0
1336,6.0
1337,12.0
1338,9.0
1339,5.0
1340,7.0
1341,6.0
1342,11.0
1343,6.0
1344,9.0
1345,8.0
1346,77.0
1347,4.0
1348,7.0
1349,3.0
1350,12.0
1351,23.0
1352,6.0
1353,55.0
1354,22.0
1355,22.0
1356,3.0
1357,5.0
1358,10.0
1359,7.0
1360,8.0
1361,11.0
1362,30.0
1363,10.0
1364,4.0
1365,4.0
1366,91.0
1367,7.0
1368,5.0
1369,4.0
1370,18.0
1371,20.0
1372,21.0
1373,21.0
1374,19.0
1375,21.0
1376,58.0
1377,20.0
1378,22.0
1379,169.20999999999913
1380,47.0
1381,18.0
1382,36.0
1383,13.0
1384,19.0
1385,16.0
1386,39.0
1387,21.0
1388,16.0
1389,26.0
1390,8.0
1391,5.0
1392,6.0
1393,7.0
1394,6.0
1395,6.0
1396,6.0
1397,9.0
1398,7.0
1399,10.0
1400,28.0
1401,21.0
1402,10.0
1403,30.0
1404,30.0
1405,7.0
1406,11.0
1407,14.0
1408,9.0
1409,9.0
1410,58.0
1411,17.0
1412,19.0
1413,21.0
1414,31.0
1415,8.0
1416,14.0
1417,8.0
1418,12.0
1419,8.0
1420,25.0
1421,7.0
1422,29.0
1423,8.0
1424,8.0
1425,13.0
1426,22.0
1427,19.0
1428,14.0
1429,82.0
1430,12.0
1431,5.0
1432,4.0
1433,8.0
1434,4.0
1435,8.0
1436,7.0
1437,3.0
1438,11.0
1439,4.0
1440,4.0
1441,4.0
1442,6.0
1443,3.0
1444,7.0
1445,19.0
1446,11.0
1447,20.0
1448,39.0
1449,35.0
1450,15.0
1451,18.0
1452,22.0
1453,30.0
1454,19.0
1455,12.0
1456,7.0
1457,5.0
1458,5.0
1459,9.0
1460,10.0
1461,16.0
1462,16.0
1463,15.0
1464,32.0
1465,22.0
1466,17.0
1467,8.0
1468,5.0
1469,13.0
1470,22.0
1471,18.0
1472,17.0
1473,16.0
1474,11.0
1475,27.0
1476,8.0
1477,14.0
1478,52.0
1479,16.0
1480,18.0
1481,7.0
1482,15.0
1483,15.0
1484,45.0
1485,23.0
1486,21.0
1487,22.0
1488,15.0
1489,169.20999999999913
1490,14.0
1491,39.0
1492,37.0
1493,18.0
1494,19.0
1495,13.0
1496,46.0
1497,33.0
1498,101.0
1499,17.0
1500,31.0
1501,22.0
1502,40.0
1503,24.0
1504,48.0
1505,10.0
1506,48.0
1507,30.0
1508,18.0
1509,32.0
1510,17.0
1511,22.0
1512,9.0
1513,11.0
1514,16.0
1515,24.0
1516,13.0
1517,24.0
1518,19.0
1519,25.0
1520,20.0
1521,20.0
1522,16.0
1523,16.0
1524,13.0
1525,15.0
1526,16.0
1527,11.0
1528,7.0
1529,8.0
1530,14.0
1531,27.0
1532,16.0
1533,20.0
1534,19.0
1535,15.0
1536,22.0
1537,10.0
1538,4.0
1539,9.0
1540,33.0
1541,3.0
1542,55.0
1543,14.0
1544,16.0
1545,1.0
1546,1.0
1547,9.0
1548,49.0
1549,14.0
1550,11.0
1551,3.0
1552,6.0
1553,5.0
1554,4.0
1555,16.0
1556,19.0
1557,26.0
1558,43.0
1559,14.0
1560,18.0
1561,20.0
1562,15.0
1563,25.0
1564,47.0
1565,19.0
1566,11.0
1567,46.0
1568,16.0
1569,7.0
1570,5.0
1571,4.0
1572,8.0
1573,8.0
1574,9.0
1575,9.0
1576,4.0
1577,14.0
1578,20.0
1579,12.0
1580,14.0
1581,16.0
1582,51.0
1583,10.0
1584,7.0
1585,8.0
1586,40.0
1587,21.0
1588,22.0
1589,5.0
1590,11.0
1591,80.0
1592,18.0
1593,5.0
1594,7.0
1595,8.0
1596,3.0
1597,37.0
1598,4.0
1599,3.0
1600,14.0
1601,10.0
1602,9.0
1603,20.0
1604,29.0
1605,169.20999999999913
1606,8.0
1607,10.0
1608,14.0
1609,14.0
1610,26.0
1611,12.0
1612,12.0
1613,45.0
1614,16.0
1615,11.0
1616,18.0
1617,10.0
1618,13.0
1619,11.0
1620,17.0
1621,12.0
1622,10.0
1623,13.0
1624,11.0
1625,4.0
1626,3.0
1627,5.0
1628,7.0
1629,1.0
1630,2.0
1631,2.0
1632,5.0
1633,2.0
1634,7.0
1635,14.0
1636,5.0
1637,7.0
1638,9.0
1639,8.0
1640,9.0
1641,5.0
1642,7.0
1643,8.0
1644,12.0
1645,27.0
1646,6.0
1647,6.0
1648,65.0
1649,44.0
1650,31.0
1651,9.0
1652,6.0
1653,12.0
1654,21.0
1655,19.0
1656,3.0
1657,4.0
1658,38.0
1659,19.0
1660,9.0
1661,10.0
1662,9.0
1663,6.0
1664,6.0
1665,8.0
1666,11.0
1667,8.0
1668,19.0
1669,7.0
1670,43.0
1671,38.0
1672,6.0
1673,9.0
1674,11.0
1675,10.0
1676,19.0
1677,8.0
1678,10.0
1679,5.0
1680,6.0
1681,6.0
1682,11.0
1683,17.0
1684,8.0
1685,6.0
1686,19.0
1687,8.0
1688,9.0
1689,13.0
1690,18.0
1691,11.0
1692,10.0
1693,6.0
1694,5.0
1695,5.0
1696,5.0
1697,6.0
1698,5.0
1699,4.0
1700,4.0
1701,6.0
1702,18.0
1703,11.0
1704,12.0
1705,6.0
1706,14.0
1707,15.0
1708,19.0
1709,8.0
1710,5.0
1711,9.0
1712,11.0
1713,13.0
1714,10.0
1715,11.0
1716,8.0
1717,9.0
1718,3.0
1719,10.0
1720,10.0
1721,8.0
1722,6.0
1723,4.0
1724,3.0
1725,5.0
1726,16.0
1727,11.0
1728,9.0
1729,6.0
1730,3.0
1731,9.0
1732,4.0
1733,12.0
1734,7.0
1735,4.0
1736,7.0
1737,12.0
1738,30.0
1739,14.0
1740,43.0
1741,22.0
1742,13.0
1743,58.0
1744,37.0
1745,31.0
1746,15.0
1747,21.0
1748,7.0
1749,30.0
1750,5.0
1751,14.0
1752,52.0
1753,6.0
1754,10.0
1755,10.0
1756,3.0
1757,7.0
1758,10.0
1759,16.0
1760,16.0
1761,11.0
1762,10.0
1763,133.0
1764,14.0
1765,25.0
1766,8.0
1767,101.0
1768,3.0
1769,3.0
1770,8.0
1771,3.0
1772,3.0
1773,10.0
1774,19.0
1775,5.0
1776,24.0
1777,7.0
1778,27.0
1779,16.0
1780,14.0
1781,38.0
1782,22.0
1783,10.0
1784,15.0
1785,59.0
1786,21.0
1787,67.0
1788,27.0
1789,11.0
1790,18.0
1791,22.0
1792,17.0
1793,13.0
1794,12.0
1795,14.0
1796,22.0
1797,10.0
1798,26.0
1799,58.0
1800,16.0
1801,3.0
1802,12.0
1803,9.0
1804,3.0
1805,2.0
1806,13.0
1807,3.0
1808,24.0
1809,17.0
1810,17.0
1811,13.0
1812,8.0
1813,15.0
1814,11.0
1815,15.0
1816,15.0
1817,12.0
1818,25.0
1819,8.0
1820,13.0
1821,10.0
1822,13.0
1823,14.0
1824,16.0
1825,12.0
1826,24.0
1827,17.0
1828,22.0
1829,34.0
1830,19.0
1831,14.0
1832,12.0
1833,10.0
1834,13.0
1835,9.0
1836,46.0
1837,12.0
1838,6.0
1839,13.0
1840,16.0
1841,18.0
1842,26.0
1843,15.0
1844,19.0
1845,9.0
1846,35.0
1847,11.0
1848,17.0
1849,39.0
1850,12.0
1851,18.0
1852,14.0
1853,22.0
1854,16.0
1855,26.0
1856,25.0
1857,4.0
1858,4.0
1859,5.0
1860,8.0
1861,6.0
1862,7.0
1863,12.0
1864,15.0
1865,3.0
1866,4.0
1867,6.0
1868,10.0
1869,13.0
1870,3.0
1871,8.0
1872,7.0
1873,11.0
1874,8.0
1875,29.0
1876,10.0
1877,24.0
1878,169.20999999999913
1879,34.0
1880,16.0
1881,23.0
1882,12.0
1883,22.0
1884,29.0
1885,23.0
1886,13.0
1887,11.0
1888,17.0
1889,13.0
1890,58.0
1891,10.0
1892,48.0
1893,15.0
1894,35.0
1895,39.0
1896,26.0
1897,9.0
1898,5.0
1899,20.0
1900,32.0
1901,10.0
1902,18.0
1903,69.0
1904,9.0
1905,4.0
1906,12.0
1907,9.0
1908,25.0
1909,10.0
1910,19.0
1911,19.0
1912,2.0
1913,4.0
1914,2.0
1915,9.0
1916,8.0
1917,9.0
1918,15.0
1919,10.0
1920,7.0
1921,21.0
1922,20.0
1923,5.0
1924,4.0
1925,3.0
1926,5.0
1927,4.0
1928,9.0
1929,4.0
1930,3.0
1931,6.0
1932,6.0
1933,47.0
1934,8.0
1935,13.0
1936,7.0
1937,9.0
1938,13.0
1939,18.0
1940,22.0
1941,13.0
1942,11.0
1943,7.0
1944,5.0
1945,8.0
1946,7.0
1947,28.0
1948,7.0
1949,7.0
1950,7.0
1951,5.0
1952,17.0
1953,17.0
1954,11.0
1955,13.0
1956,13.0
1957,12.0
1958,10.0
1959,20.0
1960,18.0
1961,9.0
1962,22.0
1963,14.0
1964,17.0
1965,6.0
1966,9.0
1967,4.0
1968,169.20999999999913
1969,10.0
1970,10.0
1971,12.0
1972,16.0
1973,19.0
1974,14.0
1975,13.0
1976,29.0
1977,14.0
1978,9.0
1979,21.0
1980,26.0
1981,163.0
1982,37.0
1983,24.0
1984,13.0
1985,19.0
1986,11.0
1987,6.0
1988,5.0
1989,7.0
1990,12.0
1991,21.0
1992,4.0
1993,10.0
1994,16.0
1995,13.0
1996,41.0
1997,10.0
1998,10.0
1999,11.0
2000,9.0
2001,21.0
2002,6.0
2003,20.0
2004,9.0
2005,15.0
2006,14.0
2007,17.0
2008,25.0
2009,14.0
2010,22.0
2011,34.0
2012,88.0
2013,22.0
2014,34.0
2015,58.0
2016,22.0
2017,100.0
2018,57.0
2019,7.0
2020,6.0
2021,7.0
2022,28.0
2023,6.0
2024,24.0
2025,5.0
2026,42.0
2027,7.0
2028,8.0
2029,4.0
2030,9.0
2031,23.0
2032,5.0
2033,13.0
2034,20.0
2035,53.0
2036,4.0
2037,7.0
2038,71.0
2039,22.0
2040,17.0
2041,29.0
2042,30.0
2043,59.0
2044,51.0
2045,31.0
2046,16.0
2047,22.0
2048,29.0
2049,13.0
2050,28.0
2051,15.0
2052,10.0
2053,60.0
2054,20.0
2055,11.0
2056,7.0
2057,21.0
2058,16.0
2059,13.0
2060,9.0
2061,14.0
2062,16.0
2063,6.0
2064,41.0
2065,16.0
2066,8.0
2067,47.0
2068,14.0
2069,62.0
2070,38.0
2071,49.0
2072,14.0
2073,7.0
2074,22.0
2075,21.0
2076,31.0
2077,11.0
2078,12.0
2079,47.0
2080,24.0
2081,34.0
2082,10.0
2083,34.0
2084,26.0
2085,31.0
2086,20.0
2087,25.0
2088,17.0
2089,11.0
2090,7.0
2091,41.0
2092,13.0
2093,14.0
2094,13.0
2095,9.0
2096,7.0
2097,46.0
2098,33.0
2099,21.0
2100,15.0
2101,40.0
2102,24.0
2103,9.0
2104,19.0
2105,13.0
2106,11.0
2107,12.0
2108,12.0
2109,11.0
2110,43.0
2111,13.0
2112,19.0
2113,27.0
2114,56.0
2115,14.0
2116,15.0
2117,25.0
2118,7.0
2119,47.0
2120,66.0
2121,27.0
2122,59.0
2123,19.0
2124,169.20999999999913
2125,29.0
2126,26.0
2127,14.0
2128,48.0
2129,14.0
2130,29.0
2131,15.0
2132,44.0
2133,65.0
2134,17.0
2135,56.0
2136,75.0
2137,66.0
2138,30.0
2139,50.0
2140,18.0
2141,14.0
2142,18.0
2143,15.0
2144,15.0
2145,19.0
2146,60.0
2147,47.0
2148,41.0
2149,25.0
2150,94.0
2151,17.0
2152,9.0
2153,6.0
2154,8.0
2155,67.0
2156,17.0
2157,6.0
2158,21.0
2159,8.0
2160,12.0
2161,8.0
2162,21.0
2163,10.0
2164,15.0
2165,27.0
2166,10.0
2167,6.0
2168,37.0
2169,5.0
2170,24.0
2171,91.0
2172,103.0
2173,130.0
2174,64.0
2175,83.0
2176,127.0
2177,86.0
2178,62.0
2179,35.0
2180,42.0
2181,28.0
2182,36.0
2183,41.0
2184,24.0
2185,20.0
2186,57.0
2187,40.0
2188,43.0
2189,27.0
2190,31.0
2191,5.0
2192,7.0
2193,33.0
2194,19.0
2195,18.0
2196,57.0
2197,8.0
2198,8.0
2199,19.0
2200,13.0
2201,25.0
2202,10.0
2203,4.0
2204,16.0
2205,14.0
2206,10.0
2207,10.0
2208,9.0
2209,48.0
2210,12.0
2211,10.0
2212,11.0
2213,38.0
2214,21.0
2215,17.0
2216,20.0
2217,18.0
2218,19.0
2219,20.0
2220,25.0
2221,15.0
2222,43.0
2223,28.0
2224,39.0
2225,13.0
2226,51.0
2227,14.0
2228,19.0
2229,18.0
2230,16.0
2231,22.0
2232,10.0
2233,12.0
2234,16.0
2235,11.0
2236,12.0
2237,12.0
2238,14.0
2239,24.0
2240,19.0
2241,18.0
2242,3.0
2243,3.0
2244,11.0
2245,11.0
2246,16.0
2247,16.0
2248,24.0
2249,24.0
2250,23.0
2251,23.0
2252,28.0
2253,157.0
2254,113.0
2255,19.0
2256,13.0
2257,11.0
2258,23.0
2259,169.20999999999913
2260,76.0
2261,169.20999999999913
2262,83.0
2263,63.0
2264,34.0
2265,32.0
2266,19.0
2267,20.0
2268,21.0
2269,26.0
2270,52.0
2271,29.0
2272,21.0
2273,15.0
2274,13.0
2275,15.0
2276,4.0
2277,19.0
2278,4.0
2279,12.0
2280,16.0
2281,7.0
2282,11.0
2283,5.0
2284,23.0
2285,89.0
2286,21.0
2287,36.0
2288,63.0
2289,147.0
2290,91.0
2291,169.0
2292,169.20999999999913
2293,169.20999999999913
2294,1.0
2295,30.0
2296,45.0
2297,48.0
2298,63.0
2299,40.0
2300,34.0
2301,58.0
2302,132.0
2303,1.0
2304,1.0
2305,1.0
2306,2.0
2307,33.0
2308,2.0
2309,3.0
2310,3.0
2311,17.0
2312,8.0
2313,6.0
2314,3.0
2315,3.0
2316,3.0
2317,3.0
2318,1.0
2319,2.0
2320,7.0
2321,15.0
2322,10.0
2323,4.0
2324,19.0
2325,4.0
2326,4.0
2327,2.0
2328,2.0
2329,3.0
2330,2.0
2331,2.0
2332,2.0
2333,3.0
2334,3.0
2335,3.0
2336,29.0
2337,2.0
2338,18.0
2339,47.0
2340,49.0
2341,45.0
2342,42.0
2343,37.0
2344,23.0
2345,41.0
2346,29.0
2347,8.0
2348,51.0
2349,85.0
2350,76.0
2351,97.0
2352,2.0
2353,6.0
2354,10.0
2355,11.0
2356,11.0
2357,11.0
2358,11.0
2359,11.0
2360,10.0
2361,10.0
2362,15.0
2363,13.0
2364,1.0
2365,1.0
2366,6.0
2367,6.0
2368,6.0
2369,6.0
2370,27.0
2371,27.0
2372,22.0
2373,22.0
2374,8.0
2375,8.0
2376,15.0
2377,15.0
2378,166.0
2379,169.20999999999913
2380,10.0
2381,1.0
2382,7.0
2383,5.0
2384,111.0
2385,163.0
2386,37.0
2387,3.0
2388,5.0
2389,3.0
2390,8.0
2391,1.0
2392,1.0
2393,21.0
2394,11.0
2395,11.0
2396,13.0
2397,9.0
2398,18.0
2399,76.0
2400,169.20999999999913
2401,49.0
2402,169.20999999999913
2403,169.20999999999913
2404,95.0
2405,169.20999999999913
2406,57.0
2407,169.20999999999913
2408,169.20999999999913
2409,116.0
2410,162.0
2411,169.20999999999913
2412,21.0
2413,90.0
2414,20.0
2415,12.0
2416,8.0
2417,17.0
2418,86.0
2419,28.0
2420,53.0
2421,73.0
2422,131.0
2423,78.0
2424,14.0
2425,43.0
2426,70.0
2427,30.0
2428,52.0
2429,65.0
2430,102.0
2431,36.0
2432,26.0
2433,13.0
2434,109.0
2435,47.0
2436,42.0
2437,46.0
2438,93.0
2439,68.0
2440,15.0
2441,56.0
2442,169.20999999999913
2443,1.0
2444,3.0
2445,33.0
2446,49.0
2447,67.0
2448,5.0
2449,5.0
2450,6.0
2451,6.0
2452,7.0
2453,7.0
2454,12.0
2455,12.0
2456,9.0
2457,9.0
2458,39.0
2459,18.0
2460,25.0
2461,33.0
2462,11.0
2463,40.0
2464,34.0
2465,25.0
2466,31.0
2467,26.0
2468,9.0
2469,24.0
2470,13.0
2471,15.0
2472,19.0
2473,9.0
2474,11.0
2475,86.0
2476,169.20999999999913
2477,86.0
2478,56.0
2479,102.0
2480,67.0
2481,169.20999999999913
2482,71.0
2483,29.0
2484,48.0
2485,37.0
2486,159.0
2487,39.0
2488,16.0
2489,34.0
2490,26.0
2491,8.0
2492,9.0
2493,15.0
2494,29.0
2495,84.0
2496,44.0
2497,58.0
2498,17.0
2499,36.0
2500,56.0
2501,22.0
2502,19.0
2503,5.0
2504,9.0
2505,6.0
2506,29.0
2507,15.0
2508,26.0
2509,49.0
2510,27.0
2511,17.0
2512,23.0
2513,67.0
2514,56.0
2515,126.0
2516,93.0
2517,22.0
2518,20.0
2519,52.0
2520,16.0
2521,41.0
2522,35.0
2523,24.0
2524,34.0
2525,15.0
2526,15.0
2527,35.0
2528,18.0
2529,129.0
2530,80.0
2531,55.0
2532,57.0
2533,111.0
2534,83.0
2535,45.0
2536,89.0
2537,76.0
2538,68.0
2539,11.0
2540,29.0
2541,18.0
2542,91.0
2543,46.0
2544,23.0
2545,26.0
2546,169.20999999999913
2547,38.0
2548,48.0
2549,164.0
2550,32.0
2551,8.0
2552,12.0
2553,20.0
2554,20.0
2555,21.0
2556,13.0
2557,13.0
2558,12.0
2559,24.0
2560,17.0
2561,13.0
2562,14.0
2563,12.0
2564,61.0
2565,23.0
2566,19.0
2567,26.0
2568,13.0
2569,17.0
2570,10.0
2571,49.0
2572,7.0
2573,24.0
2574,18.0
2575,39.0
2576,19.0
2577,16.0
2578,17.0
2579,38.0
2580,34.0
2581,15.0
2582,11.0
2583,14.0
2584,41.0
2585,13.0
2586,10.0
2587,12.0
2588,10.0
2589,14.0
2590,43.0
2591,25.0
2592,36.0
2593,16.0
2594,15.0
2595,21.0
2596,20.0
2597,7.0
2598,6.0
2599,14.0
2600,8.0
2601,9.0
2602,8.0
2603,13.0
2604,9.0
2605,11.0
2606,10.0
2607,10.0
2608,8.0
2609,10.0
2610,7.0
2611,4.0
2612,16.0
2613,13.0
2614,12.0
2615,45.0
2616,9.0
2617,12.0
2618,24.0
2619,23.0
2620,19.0
2621,12.0
2622,14.0
2623,5.0
2624,3.0
2625,3.0
2626,6.0
2627,7.0
2628,6.0
2629,6.0
2630,6.0
2631,5.0
2632,8.0
2633,6.0
2634,4.0
2635,4.0
2636,6.0
2637,20.0
2638,10.0
2639,7.0
2640,11.0
2641,9.0
2642,15.0
2643,11.0
2644,25.0
2645,38.0
2646,26.0
2647,48.0
2648,33.0
2649,58.0
2650,44.0
2651,51.0
2652,40.0
2653,21.0
2654,29.0
2655,34.0
2656,13.0
2657,18.0
2658,9.0
2659,10.0
2660,14.0
2661,8.0
2662,16.0
2663,8.0
2664,7.0
2665,9.0
2666,13.0
2667,10.0
2668,9.0
2669,11.0
2670,26.0
2671,5.0
2672,5.0
2673,7.0
2674,5.0
2675,23.0
2676,14.0
2677,11.0
2678,12.0
2679,16.0
2680,11.0
2681,17.0
2682,12.0
2683,8.0
2684,12.0
2685,19.0
2686,12.0
2687,17.0
2688,19.0
2689,15.0
2690,6.0
2691,6.0
2692,4.0
2693,5.0
2694,5.0
2695,7.0
2696,5.0
2697,8.0
2698,4.0
2699,9.0
2700,3.0
2701,10.0
2702,14.0
2703,17.0
2704,8.0
2705,15.0
2706,9.0
2707,19.0
2708,4.0
2709,36.0
2710,14.0
2711,10.0
2712,14.0
2713,11.0
2714,65.0
2715,7.0
2716,25.0
2717,13.0
2718,10.0
2719,5.0
2720,11.0
2721,6.0
2722,8.0
2723,6.0
2724,8.0
2725,21.0
2726,105.0
2727,109.0
2728,10.0
2729,16.0
2730,14.0
2731,4.0
2732,46.0
2733,19.0
2734,85.0
2735,31.0
2736,35.0
2737,32.0
2738,11.0
2739,7.0
2740,12.0
2741,5.0
2742,12.0
2743,19.0
2744,8.0
2745,13.0
2746,9.0
2747,6.0
2748,20.0
2749,10.0
2750,9.0
2751,169.20999999999913
2752,15.0
2753,14.0
2754,152.0
2755,27.0
2756,11.0
2757,8.0
2758,26.0
2759,45.0
2760,22.0
2761,32.0
2762,25.0
2763,11.0
2764,8.0
2765,8.0
2766,8.0
2767,28.0
2768,10.0
2769,8.0
2770,14.0
2771,8.0
2772,18.0
2773,12.0
2774,6.0
2775,10.0
2776,3.0
2777,4.0
2778,11.0
2779,8.0
2780,9.0
2781,20.0
2782,7.0
2783,3.0
2784,35.0
2785,13.0
2786,19.0
2787,7.0
2788,15.0
2789,16.0
2790,19.0
2791,11.0
2792,8.0
2793,8.0
2794,8.0
2795,7.0
2796,23.0
2797,6.0
2798,13.0
2799,10.0
2800,6.0
2801,7.0
2802,5.0
2803,14.0
2804,12.0
2805,9.0
2806,18.0
2807,8.0
2808,8.0
2809,9.0
2810,11.0
2811,15.0
2812,19.0
2813,15.0
2814,18.0
2815,14.0
2816,19.0
2817,11.0
2818,16.0
2819,52.0
2820,42.0
2821,8.0
2822,10.0
2823,4.0
2824,11.0
2825,7.0
2826,30.0
2827,12.0
2828,5.0
2829,9.0
2830,8.0
2831,8.0
2832,21.0
2833,8.0
2834,65.0
2835,32.0
2836,13.0
2837,17.0
2838,8.0
2839,8.0
2840,62.0
2841,31.0
2842,25.0
2843,11.0
2844,21.0
2845,9.0
2846,21.0
2847,45.0
2848,9.0
2849,19.0
2850,30.0
2851,72.0
2852,73.0
2853,9.0
2854,9.0
2855,6.0
2856,12.0
2857,8.0
2858,10.0
2859,42.0
2860,11.0
2861,10.0
2862,14.0
2863,14.0
2864,16.0
2865,11.0
2866,8.0
2867,9.0
2868,33.0
2869,11.0
2870,17.0
2871,12.0
2872,13.0
2873,13.0
2874,16.0
2875,14.0
2876,12.0
2877,7.0
2878,158.0
2879,11.0
2880,15.0
2881,7.0
2882,12.0
2883,26.0
2884,8.0
2885,9.0
2886,19.0
2887,8.0
2888,9.0
2889,14.0
2890,9.0
2891,9.0
2892,5.0
2893,13.0
2894,9.0
2895,11.0
2896,8.0
2897,9.0
2898,13.0
2899,5.0
2900,22.0
2901,16.0
2902,13.0
2903,21.0
2904,10.0
2905,35.0
2906,15.0
2907,5.0
2908,8.0
2909,13.0
2910,5.0
2911,31.0
2912,7.0
2913,5.0
2914,27.0
2915,5.0
2916,6.0
2917,4.0
2918,11.0
2919,14.0
2920,10.0
2921,8.0
2922,7.0
2923,7.0
2924,13.0
2925,7.0
2926,9.0
2927,6.0
2928,8.0
2929,7.0
2930,7.0
2931,7.0
2932,7.0
2933,5.0
2934,107.0
2935,16.0
2936,5.0
2937,6.0
2938,22.0
2939,5.0
2940,6.0
2941,7.0
2942,5.0
2943,12.0
2944,8.0
2945,4.0
2946,7.0
2947,10.0
2948,3.0
2949,8.0
2950,5.0
2951,5.0
2952,5.0
2953,4.0
2954,6.0
2955,5.0
2956,5.0
2957,4.0
2958,16.0
2959,27.0
2960,5.0
2961,4.0
2962,5.0
2963,53.0
2964,23.0
2965,26.0
2966,11.0
2967,6.0
2968,19.0
2969,12.0
2970,12.0
2971,8.0
2972,10.0
2973,8.0
2974,24.0
2975,28.0
2976,10.0
2977,7.0
2978,4.0
2979,4.0
2980,5.0
2981,4.0
2982,4.0
2983,4.0
2984,5.0
2985,5.0
2986,4.0
2987,4.0
2988,4.0
2989,4.0
2990,7.0
2991,6.0
2992,6.0
2993,5.0
2994,7.0
2995,5.0
2996,7.0
2997,6.0
2998,8.0
2999,5.0
3000,6.0
3001,9.0
3002,48.0
3003,6.0
3004,6.0
3005,5.0
3006,5.0
3007,5.0
3008,5.0
3009,6.0
3010,6.0
3011,5.0
3012,5.0
3013,5.0
3014,6.0
3015,7.0
3016,55.0
3017,13.0
3018,14.0
3019,8.0
3020,7.0
3021,14.0
3022,11.0
3023,11.0
3024,169.20999999999913
3025,14.0
3026,9.0
3027,8.0
3028,11.0
3029,13.0
3030,25.0
3031,11.0
3032,17.0
3033,77.0
3034,20.0
3035,8.0
3036,24.0
3037,25.0
3038,31.0
3039,106.0
3040,24.0
3041,16.0
3042,35.0
3043,17.0
3044,25.0
3045,15.0
3046,16.0
3047,34.0
3048,14.0
3049,29.0
3050,9.0
3051,14.0
3052,10.0
3053,4.0
3054,5.0
3055,4.0
3056,8.0
3057,4.0
3058,3.0
3059,3.0
3060,8.0
3061,3.0
3062,3.0
3063,4.0
3064,7.0
3065,16.0
3066,7.0
3067,5.0
3068,13.0
3069,10.0
3070,6.0
3071,12.0
3072,7.0
3073,9.0
3074,34.0
3075,8.0
3076,44.0
3077,7.0
3078,28.0
3079,19.0
3080,7.0
3081,7.0
3082,8.0
3083,7.0
3084,9.0
3085,10.0
3086,7.0
3087,6.0
3088,13.0
3089,9.0
3090,8.0
3091,20.0
3092,8.0
3093,6.0
3094,4.0
3095,6.0
3096,5.0
3097,4.0
3098,4.0
3099,3.0
3100,9.0
3101,4.0
3102,6.0
3103,8.0
3104,6.0
3105,4.0
3106,4.0
3107,10.0
3108,12.0
3109,16.0
3110,12.0
3111,22.0
3112,11.0
3113,9.0
3114,11.0
3115,24.0
3116,14.0
3117,18.0
3118,9.0
3119,12.0
3120,9.0
3121,9.0
3122,7.0
3123,4.0
3124,14.0
3125,19.0
3126,7.0
3127,11.0
3128,14.0
3129,9.0
3130,8.0
3131,9.0
3132,11.0
3133,10.0
3134,20.0
3135,6.0
3136,10.0
3137,137.0
3138,4.0
3139,20.0
3140,7.0
3141,9.0
3142,8.0
3143,5.0
3144,19.0
3145,6.0
3146,34.0
3147,11.0
3148,13.0
3149,38.0
3150,31.0
3151,6.0
3152,4.0
3153,3.0
3154,13.0
3155,4.0
3156,5.0
3157,6.0
3158,23.0
3159,7.0
3160,9.0
3161,10.0
3162,13.0
3163,22.0
3164,169.20999999999913
3165,7.0
3166,19.0
3167,12.0
3168,56.0
3169,10.0
3170,6.0
3171,12.0
3172,12.0
3173,11.0
3174,10.0
3175,11.0
3176,14.0
3177,11.0
3178,10.0
3179,10.0
3180,12.0
3181,15.0
3182,11.0
3183,12.0
3184,10.0
3185,16.0
3186,12.0
3187,11.0
3188,8.0
3189,10.0
3190,14.0
3191,8.0
3192,9.0
3193,9.0
3194,11.0
3195,10.0
3196,9.0
3197,9.0
3198,9.0
3199,9.0
3200,9.0
3201,22.0
3202,13.0
3203,12.0
3204,20.0
3205,45.0
3206,17.0
3207,18.0
3208,10.0
3209,12.0
3210,21.0
3211,5.0
3212,7.0
3213,32.0
3214,6.0
3215,53.0
3216,22.0
3217,7.0
3218,6.0
3219,6.0
3220,22.0
3221,6.0
3222,14.0
3223,10.0
3224,8.0
3225,21.0
3226,6.0
3227,7.0
3228,8.0
3229,4.0
3230,6.0
3231,61.0
3232,4.0
3233,6.0
3234,6.0
3235,6.0
3236,5.0
3237,6.0
3238,7.0
3239,7.0
3240,9.0
3241,7.0
3242,7.0
3243,14.0
3244,7.0
3245,10.0
3246,24.0
3247,8.0
3248,8.0
3249,9.0
3250,7.0
3251,8.0
3252,10.0
3253,12.0
3254,9.0
3255,21.0
3256,6.0
3257,9.0
3258,16.0
3259,10.0
3260,9.0
3261,9.0
3262,7.0
3263,12.0
3264,4.0
3265,6.0
3266,9.0
3267,14.0
3268,7.0
3269,7.0
3270,6.0
3271,5.0
3272,19.0
3273,13.0
3274,17.0
3275,13.0
3276,12.0
3277,11.0
3278,15.0
3279,10.0
3280,9.0
3281,32.0
3282,15.0
3283,14.0
3284,15.0
3285,10.0
3286,11.0
3287,14.0
3288,12.0
3289,41.0
3290,13.0
3291,15.0
3292,56.0
3293,14.0
3294,20.0
3295,9.0
3296,22.0
3297,8.0
3298,6.0
3299,13.0
3300,9.0
3301,5.0
3302,14.0
3303,14.0
3304,8.0
3305,12.0
3306,25.0
3307,12.0
3308,31.0
3309,6.0
3310,8.0
3311,52.0
3312,5.0
3313,4.0
3314,4.0
3315,6.0
3316,7.0
3317,8.0
3318,35.0
3319,14.0
3320,4.0
3321,12.0
3322,23.0
3323,8.0
3324,8.0
3325,7.0
3326,6.0
3327,35.0
3328,12.0
3329,7.0
3330,22.0
3331,13.0
3332,38.0
3333,14.0
3334,102.0
3335,24.0
3336,12.0
3337,9.0
3338,15.0
3339,36.0
3340,8.0
3341,8.0
3342,7.0
3343,7.0
3344,141.0
3345,19.0
3346,10.0
3347,13.0
3348,8.0
3349,12.0
3350,10.0
3351,7.0
3352,17.0
3353,6.0
3354,13.0
3355,4.0
3356,15.0
3357,6.0
3358,7.0
3359,19.0
3360,8.0
3361,8.0
3362,11.0
3363,7.0
3364,6.0
3365,7.0
3366,6.0
3367,6.0
3368,5.0
3369,5.0
3370,7.0
3371,6.0
3372,5.0
3373,6.0
3374,6.0
3375,6.0
3376,44.0
3377,16.0
3378,29.0
3379,22.0
3380,26.0
3381,19.0
3382,63.0
3383,38.0
3384,14.0
3385,11.0
3386,17.0
3387,14.0
3388,11.0
3389,7.0
3390,13.0
3391,9.0
3392,14.0
3393,9.0
3394,9.0
3395,7.0
3396,14.0
3397,12.0
3398,27.0
3399,10.0
3400,10.0
3401,10.0
3402,8.0
3403,12.0
3404,20.0
3405,9.0
3406,6.0
3407,5.0
3408,5.0
3409,5.0
3410,5.0
3411,6.0
3412,6.0
3413,7.0
3414,8.0
3415,5.0
3416,7.0
3417,5.0
3418,9.0
3419,14.0
3420,9.0
3421,11.0
3422,24.0
3423,16.0
3424,18.0
3425,13.0
3426,12.0
3427,19.0
3428,12.0
3429,14.0
3430,17.0
3431,15.0
3432,14.0
3433,15.0
3434,14.0
3435,12.0
3436,24.0
3437,24.0
3438,12.0
3439,9.0
3440,27.0
3441,79.0
3442,44.0
3443,20.0
3444,17.0
3445,13.0
3446,12.0
3447,12.0
3448,14.0
3449,21.0
3450,13.0
3451,13.0
3452,8.0
3453,14.0
3454,57.0
3455,13.0
3456,14.0
3457,8.0
3458,10.0
3459,9.0
3460,12.0
3461,12.0
3462,6.0
3463,5.0
3464,5.0
3465,5.0
3466,6.0
3467,6.0
3468,7.0
3469,6.0
3470,8.0
3471,6.0
3472,13.0
3473,11.0
3474,8.0
3475,6.0
3476,10.0
3477,63.0
3478,10.0
3479,10.0
3480,7.0
3481,9.0
3482,6.0
3483,5.0
3484,5.0
3485,17.0
3486,11.0
3487,4.0
3488,4.0
3489,22.0
3490,5.0
3491,13.0
3492,12.0
3493,12.0
3494,20.0
3495,90.0
3496,14.0
3497,9.0
3498,7.0
3499,13.0
3500,8.0
3501,54.0
3502,16.0
3503,84.0
3504,7.0
3505,19.0
3506,21.0
3507,12.0
3508,5.0
3509,6.0
3510,7.0
3511,6.0
3512,25.0
3513,7.0
3514,11.0
3515,9.0
3516,13.0
3517,5.0
3518,7.0
3519,5.0
3520,8.0
3521,5.0
3522,5.0
3523,7.0
3524,6.0
3525,4.0
3526,4.0
3527,12.0
3528,9.0
3529,8.0
3530,9.0
3531,8.0
3532,5.0
3533,10.0
3534,7.0
3535,7.0
3536,3.0
3537,10.0
3538,5.0
3539,16.0
3540,27.0
3541,26.0
3542,27.0
3543,33.0
3544,25.0
3545,23.0
3546,18.0
3547,11.0
3548,5.0
3549,9.0
3550,3.0
3551,4.0
3552,6.0
3553,24.0
3554,13.0
3555,9.0
3556,10.0
3557,8.0
3558,8.0
3559,5.0
3560,6.0
3561,4.0
3562,4.0
3563,5.0
3564,4.0
3565,12.0
3566,5.0
3567,5.0
3568,8.0
3569,8.0
3570,6.0
3571,10.0
3572,5.0
3573,10.0
3574,5.0
3575,4.0
3576,5.0
3577,18.0
3578,9.0
3579,6.0
3580,11.0
3581,7.0
3582,6.0
3583,16.0
3584,6.0
3585,9.0
3586,9.0
3587,14.0
3588,6.0
3589,8.0
3590,16.0
3591,9.0
3592,9.0
3593,9.0
3594,6.0
3595,7.0
3596,7.0
3597,9.0
3598,6.0
3599,14.0
3600,9.0
3601,9.0
3602,11.0
3603,7.0
3604,8.0
3605,9.0
3606,9.0
3607,13.0
3608,12.0
3609,8.0
3610,11.0
3611,3.0
3612,4.0
3613,8.0
3614,7.0
3615,9.0
3616,19.0
3617,21.0
3618,8.0
3619,8.0
3620,8.0
3621,14.0
3622,18.0
3623,8.0
3624,65.0
3625,11.0
3626,15.0
3627,10.0
3628,12.0
3629,10.0
3630,8.0
3631,6.0
3632,14.0
3633,37.0
3634,127.0
3635,14.0
3636,11.0
3637,12.0
3638,7.0
3639,12.0
3640,10.0
3641,10.0
3642,12.0
3643,8.0
3644,148.0
3645,7.0
3646,10.0
3647,9.0
3648,12.0
3649,13.0
3650,8.0
3651,7.0
3652,6.0
3653,5.0
3654,11.0
3655,10.0
3656,8.0
3657,8.0
3658,20.0
3659,11.0
3660,4.0
3661,6.0
3662,8.0
3663,16.0
3664,12.0
3665,8.0
3666,23.0
3667,14.0
3668,12.0
3669,12.0
3670,8.0
3671,3.0
3672,3.0
3673,5.0
3674,5.0
3675,8.0
3676,64.0
3677,17.0
3678,4.0
3679,5.0
3680,15.0
3681,4.0
3682,6.0
3683,4.0
3684,8.0
3685,6.0
3686,6.0
3687,14.0
3688,3.0
3689,12.0
3690,13.0
3691,14.0
3692,15.0
3693,12.0
3694,11.0
3695,18.0
3696,12.0
3697,9.0
3698,11.0
3699,11.0
3700,12.0
3701,11.0
3702,10.0
3703,46.0
3704,13.0
3705,13.0
3706,11.0
3707,14.0
3708,11.0
3709,8.0
3710,27.0
3711,83.0
3712,11.0
3713,13.0
3714,10.0
3715,8.0
3716,22.0
3717,9.0
3718,6.0
3719,7.0
3720,7.0
3721,7.0
3722,32.0
3723,16.0
3724,5.0
3725,7.0
3726,13.0
3727,49.0
3728,67.0
3729,43.0
3730,44.0
3731,41.0
3732,48.0
3733,28.0
3734,15.0
3735,7.0
3736,6.0
3737,6.0
3738,3.0
3739,6.0
3740,9.0
3741,8.0
3742,4.0
3743,7.0
3744,15.0
3745,6.0
3746,4.0
3747,7.0
3748,6.0
3749,5.0
3750,14.0
3751,4.0
3752,3.0
3753,18.0
3754,6.0
3755,3.0
3756,4.0
3757,11.0
3758,3.0
3759,9.0
3760,11.0
3761,18.0
3762,12.0
3763,16.0
3764,18.0
3765,9.0
3766,6.0
3767,4.0
3768,7.0
3769,42.0
3770,10.0
3771,10.0
3772,21.0
3773,18.0
3774,29.0
3775,138.0
3776,36.0
3777,20.0
3778,6.0
3779,10.0
3780,13.0
3781,17.0
3782,15.0
3783,9.0
3784,6.0
3785,9.0
3786,10.0
3787,9.0
3788,6.0
3789,6.0
3790,27.0
3791,97.0
3792,6.0
3793,8.0
3794,9.0
3795,11.0
3796,13.0
3797,7.0
3798,9.0
3799,11.0
3800,10.0
3801,9.0
3802,8.0
3803,8.0
3804,5.0
3805,8.0
3806,19.0
3807,7.0
3808,5.0
3809,7.0
3810,12.0
3811,10.0
3812,19.0
3813,8.0
3814,24.0
3815,5.0
3816,12.0
3817,26.0
3818,7.0
3819,4.0
3820,4.0
3821,5.0
3822,5.0
3823,24.0
3824,18.0
3825,16.0
3826,14.0
3827,15.0
3828,17.0
3829,17.0
3830,17.0
3831,17.0
3832,15.0
3833,16.0
3834,14.0
3835,20.0
3836,18.0
3837,10.0
3838,9.0
3839,4.0
3840,7.0
3841,4.0
3842,5.0
3843,10.0
3844,22.0
3845,9.0
3846,18.0
3847,7.0
3848,6.0
3849,8.0
3850,17.0
3851,5.0
3852,12.0
3853,13.0
3854,8.0
3855,3.0
3856,10.0
3857,43.0
3858,12.0
3859,10.0
3860,9.0
3861,8.0
3862,11.0
3863,21.0
3864,6.0
3865,6.0
3866,6.0
3867,8.0
3868,7.0
3869,12.0
3870,6.0
3871,12.0
3872,8.0
3873,11.0
3874,7.0
3875,7.0
3876,16.0
3877,8.0
3878,7.0
3879,5.0
3880,68.0
3881,5.0
3882,14.0
3883,7.0
3884,23.0
3885,7.0
3886,10.0
3887,10.0
3888,10.0
3889,22.0
3890,9.0
3891,9.0
3892,13.0
3893,9.0
3894,7.0
3895,7.0
3896,18.0
3897,8.0
3898,21.0
3899,7.0
3900,4.0
3901,6.0
3902,9.0
3903,4.0
3904,8.0
3905,8.0
3906,8.0
3907,11.0
3908,8.0
3909,7.0
3910,10.0
3911,9.0
3912,8.0
3913,7.0
3914,13.0
3915,15.0
3916,12.0
3917,25.0
3918,41.0
3919,19.0
3920,18.0
3921,8.0
3922,10.0
3923,24.0
3924,13.0
3925,14.0
3926,11.0
3927,12.0
3928,13.0
3929,13.0
3930,11.0
3931,9.0
3932,12.0
3933,8.0
3934,12.0
3935,8.0
3936,10.0
3937,22.0
3938,9.0
3939,8.0
3940,6.0
3941,16.0
3942,11.0
3943,30.0
3944,15.0
3945,12.0
3946,17.0
3947,11.0
3948,120.0
3949,10.0
3950,10.0
3951,30.0
3952,31.0
3953,13.0
3954,12.0
3955,9.0
3956,32.0
3957,13.0
3958,19.0
3959,24.0
3960,16.0
3961,5.0
3962,48.0
3963,14.0
3964,11.0
3965,10.0
3966,169.20999999999913
3967,21.0
3968,34.0
3969,15.0
3970,7.0
3971,12.0
3972,16.0
3973,7.0
3974,13.0
3975,6.0
3976,12.0
3977,36.0
3978,8.0
3979,28.0
3980,36.0
3981,3.0
3982,7.0
3983,6.0
3984,13.0
3985,7.0
3986,7.0
3987,4.0
3988,8.0
3989,57.0
3990,4.0
3991,5.0
3992,21.0
3993,16.0
3994,8.0
3995,6.0
3996,12.0
3997,169.20999999999913
3998,14.0
3999,12.0
4000,8.0
4001,10.0
4002,12.0
4003,15.0
4004,9.0
4005,80.0
4006,25.0
4007,13.0
4008,13.0
4009,21.0
4010,12.0
4011,17.0
4012,15.0
4013,20.0
4014,26.0
4015,30.0
4016,13.0
4017,6.0
4018,6.0
4019,14.0
4020,10.0
4021,11.0
4022,9.0
4023,34.0
4024,19.0
4025,21.0
4026,18.0
4027,9.0
4028,12.0
4029,12.0
4030,5.0
4031,12.0
4032,5.0
4033,16.0
4034,7.0
4035,7.0
4036,13.0
4037,8.0
4038,15.0
4039,9.0
4040,8.0
4041,7.0
4042,9.0
4043,9.0
4044,14.0
4045,5.0
4046,4.0
4047,6.0
4048,8.0
4049,26.0
4050,12.0
4051,12.0
4052,9.0
4053,12.0
4054,10.0
4055,27.0
4056,5.0
4057,4.0
4058,9.0
4059,14.0
4060,20.0
4061,20.0
4062,12.0
4063,14.0
4064,4.0
4065,25.0
4066,7.0
4067,4.0
4068,4.0
4069,6.0
4070,135.0
4071,15.0
4072,10.0
4073,4.0
4074,5.0
4075,17.0
4076,17.0
4077,18.0
4078,32.0
4079,169.20999999999913
4080,13.0
4081,24.0
4082,14.0
4083,11.0
4084,25.0
4085,11.0
4086,33.0
4087,13.0
4088,26.0
4089,9.0
4090,59.0
4091,41.0
4092,17.0
4093,14.0
4094,27.0
4095,10.0
4096,4.0
4097,5.0
4098,4.0
4099,5.0
4100,13.0
4101,4.0
4102,6.0
4103,7.0
4104,6.0
4105,4.0
4106,4.0
4107,5.0
4108,10.0
4109,14.0
4110,6.0
4111,4.0
4112,6.0
4113,29.0
4114,4.0
4115,4.0
4116,5.0
4117,4.0
4118,5.0
4119,6.0
4120,27.0
4121,4.0
4122,7.0
4123,5.0
4124,8.0
4125,33.0
4126,6.0
4127,5.0
4128,16.0
4129,8.0
4130,9.0
4131,48.0
4132,12.0
4133,25.0
4134,12.0
4135,7.0
4136,5.0
4137,4.0
4138,7.0
4139,7.0
4140,6.0
4141,5.0
4142,6.0
4143,6.0
4144,5.0
4145,10.0
4146,7.0
4147,7.0
4148,5.0
4149,5.0
4150,7.0
4151,4.0
4152,8.0
4153,36.0
4154,5.0
4155,5.0
4156,5.0
4157,4.0
4158,8.0
4159,10.0
4160,5.0
4161,7.0
4162,7.0
4163,13.0
4164,22.0
4165,81.0
4166,21.0
4167,13.0
4168,12.0
4169,12.0
4170,14.0
4171,13.0
4172,15.0
4173,43.0
4174,31.0
4175,41.0
4176,14.0
4177,15.0
4178,15.0
4179,17.0
4180,14.0
4181,20.0
4182,22.0
4183,12.0
4184,15.0
4185,18.0
4186,13.0
4187,35.0
4188,14.0
4189,29.0
4190,15.0
4191,14.0
4192,9.0
4193,11.0
4194,19.0
4195,16.0
4196,169.20999999999913
4197,39.0
4198,51.0
4199,8.0
4200,7.0
4201,8.0
4202,59.0
4203,8.0
4204,33.0
4205,9.0
4206,7.0
4207,14.0
4208,5.0
4209,14.0
4210,13.0
4211,9.0
4212,25.0
4213,13.0
4214,17.0
4215,31.0
4216,11.0
4217,23.0
4218,11.0
4219,24.0
4220,25.0
4221,7.0
4222,9.0
4223,25.0
4224,8.0
4225,9.0
4226,23.0
4227,9.0
4228,8.0
4229,4.0
4230,44.0
4231,8.0
4232,8.0
4233,14.0
4234,11.0
4235,16.0
4236,23.0
4237,18.0
4238,15.0
4239,16.0
4240,14.0
4241,46.0
4242,27.0
4243,42.0
4244,9.0
4245,12.0
4246,15.0
4247,20.0
4248,13.0
4249,21.0
4250,13.0
4251,24.0
4252,110.0
4253,10.0
4254,45.0
4255,16.0
4256,169.20999999999913
4257,5.0
4258,9.0
4259,15.0
4260,20.0
4261,10.0
4262,55.0
4263,26.0
4264,9.0
4265,8.0
4266,7.0
4267,35.0
4268,7.0
4269,11.0
4270,8.0
4271,9.0
4272,28.0
4273,9.0
4274,15.0
4275,13.0
4276,16.0
4277,7.0
4278,9.0
4279,19.0
4280,5.0
4281,19.0
4282,91.0
4283,11.0
4284,10.0
4285,33.0
4286,19.0
4287,13.0
4288,8.0
4289,6.0
4290,25.0
4291,14.0
4292,16.0
4293,11.0
4294,13.0
4295,10.0
4296,15.0
4297,12.0
4298,12.0
4299,23.0
4300,24.0
4301,16.0
4302,13.0
4303,20.0
4304,8.0
4305,17.0
4306,20.0
4307,29.0
4308,169.20999999999913
4309,33.0
4310,16.0
4311,18.0
4312,15.0
4313,74.0
4314,12.0
4315,9.0
4316,9.0
4317,45.0
4318,19.0
4319,15.0
4320,15.0
4321,8.0
4322,22.0
4323,10.0
4324,13.0
4325,8.0
4326,10.0
4327,8.0
4328,17.0
4329,20.0
4330,169.20999999999913
4331,9.0
4332,47.0
4333,10.0
4334,13.0
4335,28.0
4336,5.0
4337,18.0
4338,15.0
4339,16.0
4340,8.0
4341,8.0
4342,28.0
4343,12.0
4344,7.0
4345,12.0
4346,5.0
4347,35.0
4348,5.0
4349,8.0
4350,12.0
4351,24.0
4352,8.0
4353,7.0
4354,10.0
4355,7.0
4356,6.0
4357,6.0
4358,4.0
4359,7.0
4360,7.0
4361,7.0
4362,6.0
4363,12.0
4364,8.0
4365,7.0
4366,8.0
4367,7.0
4368,5.0
4369,6.0
4370,8.0
4371,4.0
4372,169.20999999999913
4373,15.0
4374,23.0
4375,8.0
4376,56.0
4377,17.0
4378,29.0
4379,9.0
4380,97.0
4381,31.0
4382,30.0
4383,21.0
4384,27.0
4385,19.0
4386,54.0
4387,36.0
4388,10.0
4389,84.0
4390,36.0
4391,13.0
4392,10.0
4393,8.0
4394,14.0
4395,15.0
4396,47.0
4397,10.0
4398,22.0
4399,5.0
4400,15.0
4401,16.0
4402,15.0
4403,9.0
4404,13.0
4405,15.0
4406,4.0
4407,7.0
4408,6.0
4409,6.0
4410,16.0
4411,5.0
4412,50.0
4413,6.0
4414,17.0
4415,9.0
4416,7.0
4417,6.0
4418,10.0
4419,23.0
4420,14.0
4421,8.0
4422,11.0
4423,31.0
4424,11.0
4425,11.0
4426,8.0
4427,8.0
4428,15.0
4429,10.0
4430,12.0
4431,10.0
4432,9.0
4433,9.0
4434,8.0
4435,11.0
4436,15.0
4437,9.0
4438,19.0
4439,9.0
4440,8.0
4441,9.0
4442,8.0
4443,8.0
4444,9.0
4445,9.0
4446,8.0
4447,13.0
4448,14.0
4449,14.0
4450,11.0
4451,10.0
4452,13.0
4453,8.0
4454,9.0
4455,8.0
4456,12.0
4457,11.0
4458,9.0
4459,16.0
4460,12.0
4461,27.0
4462,13.0
4463,27.0
4464,11.0
4465,11.0
4466,13.0
4467,10.0
4468,10.0
4469,10.0
4470,11.0
4471,11.0
4472,9.0
4473,9.0
4474,10.0
4475,13.0
4476,36.0
4477,24.0
4478,14.0
4479,26.0
4480,14.0
4481,11.0
4482,39.0
4483,21.0
4484,4.0
4485,4.0
4486,8.0
4487,5.0
4488,4.0
4489,5.0
4490,6.0
4491,6.0
4492,7.0
4493,26.0
4494,24.0
4495,22.0
4496,9.0
4497,6.0
4498,25.0
4499,17.0
4500,32.0
4501,11.0
4502,56.0
4503,169.20999999999913
4504,27.0
4505,57.0
4506,5.0
4507,76.0
4508,31.0
4509,33.0
4510,8.0
4511,10.0
4512,6.0
4513,11.0
4514,12.0
4515,7.0
4516,7.0
4517,9.0
4518,17.0
4519,22.0
4520,7.0
4521,6.0
4522,14.0
4523,6.0
4524,11.0
4525,9.0
4526,3.0
4527,8.0
4528,15.0
4529,4.0
4530,23.0
4531,16.0
4532,31.0
4533,47.0
4534,79.0
4535,8.0
4536,9.0
4537,15.0
4538,6.0
4539,14.0
4540,9.0
4541,8.0
4542,22.0
4543,13.0
4544,7.0
4545,9.0
4546,11.0
4547,17.0
4548,6.0
4549,6.0
4550,7.0
4551,5.0
4552,6.0
4553,6.0
4554,10.0
4555,7.0
4556,6.0
4557,8.0
4558,6.0
4559,9.0
4560,12.0
4561,11.0
4562,8.0
4563,11.0
4564,8.0
4565,5.0
4566,45.0
4567,13.0
4568,15.0
4569,6.0
4570,18.0
4571,15.0
4572,11.0
4573,15.0
4574,22.0
4575,16.0
4576,43.0
4577,45.0
4578,10.0
4579,10.0
4580,6.0
4581,7.0
4582,6.0
4583,10.0
4584,7.0
4585,8.0
4586,7.0
4587,5.0
4588,18.0
4589,27.0
4590,29.0
4591,18.0
4592,26.0
4593,34.0
4594,15.0
4595,7.0
4596,14.0
4597,27.0
4598,9.0
4599,34.0
4600,16.0
4601,21.0
4602,18.0
4603,50.0
4604,14.0
4605,25.0
4606,14.0
4607,41.0
4608,41.0
4609,47.0
4610,13.0
4611,29.0
4612,14.0
4613,30.0
4614,36.0
4615,16.0
4616,15.0
4617,43.0
4618,37.0
4619,10.0
4620,46.0
4621,17.0
4622,18.0
4623,11.0
4624,25.0
4625,25.0
4626,20.0
4627,16.0
4628,13.0
4629,26.0
4630,20.0
4631,39.0
4632,25.0
4633,25.0
4634,20.0
4635,24.0
4636,29.0
4637,8.0
4638,13.0
4639,24.0
4640,63.0
4641,24.0
4642,39.0
4643,4.0
4644,6.0
4645,18.0
4646,4.0
4647,7.0
4648,6.0
4649,7.0
4650,5.0
4651,4.0
4652,5.0
4653,6.0
4654,6.0
4655,19.0
4656,33.0
4657,25.0
4658,13.0
4659,31.0
4660,114.0
4661,30.0
4662,19.0
4663,14.0
4664,13.0
4665,43.0
4666,34.0
4667,67.0
4668,10.0
4669,4.0
4670,25.0
4671,36.0
4672,38.0
4673,18.0
4674,38.0
4675,21.0
4676,1.0
4677,6.0
4678,44.0
4679,10.0
4680,169.20999999999913
4681,30.0
4682,45.0
4683,13.0
4684,5.0
4685,5.0
4686,50.0
4687,9.0
4688,9.0
4689,12.0
4690,14.0
4691,26.0
4692,5.0
4693,25.0
4694,56.0
4695,34.0
4696,52.0
4697,169.20999999999913
4698,26.0
4699,25.0
4700,13.0
4701,15.0
4702,10.0
4703,16.0
4704,22.0
4705,19.0
4706,9.0
4707,29.0
4708,10.0
4709,9.0
4710,10.0
4711,69.0
4712,15.0
4713,60.0
4714,107.0
4715,169.20999999999913
4716,4.0
4717,5.0
4718,7.0
4719,5.0
4720,10.0
4721,4.0
4722,18.0
4723,6.0
4724,6.0
4725,13.0
4726,9.0
4727,18.0
4728,15.0
4729,13.0
4730,12.0
4731,14.0
4732,20.0
4733,11.0
4734,11.0
4735,30.0
4736,27.0
4737,41.0
4738,88.0
4739,22.0
4740,13.0
4741,37.0
4742,82.0
4743,86.0
4744,16.0
4745,107.0
4746,99.0
4747,132.0
4748,169.20999999999913
4749,12.0
4750,36.0
4751,78.0
4752,5.0
4753,10.0
4754,3.0
4755,3.0
4756,4.0
4757,32.0
4758,4.0
4759,40.0
4760,59.0
4761,34.0
4762,13.0
4763,20.0
4764,70.0
4765,49.0
4766,129.0
4767,69.0
4768,102.0
4769,36.0
4770,17.0
4771,5.0
4772,3.0
4773,5.0
4774,15.0
4775,13.0
4776,4.0
4777,7.0
4778,9.0
4779,20.0
4780,6.0
4781,90.0
4782,42.0
4783,14.0
4784,19.0
4785,26.0
4786,169.20999999999913
4787,29.0
4788,42.0
4789,4.0
4790,4.0
4791,4.0
4792,9.0
4793,2.0
4794,1.0
4795,1.0
4796,3.0
4797,3.0
4798,3.0
4799,5.0
4800,5.0
4801,4.0
4802,16.0
4803,107.0
4804,105.0
4805,109.0
4806,3.0
4807,3.0
4808,3.0
4809,3.0
4810,7.0
4811,36.0
4812,44.0
4813,21.0
4814,6.0
4815,4.0
4816,21.0
4817,104.0
4818,5.0
4819,3.0
4820,59.0
4821,7.0
4822,15.0
4823,9.0
4824,41.0
4825,37.0
4826,17.0
4827,1.0
4828,5.0
4829,5.0
4830,2.0
4831,15.0
4832,11.0
4833,8.0
4834,4.0
4835,14.0
4836,21.0
4837,17.0
4838,1.0
4839,1.0
4840,1.0
4841,2.0
4842,18.0
4843,17.0
4844,30.0
4845,59.0
4846,169.20999999999913
4847,2.0
4848,1.0
4849,1.0
4850,1.0
4851,6.0
4852,19.0
4853,14.0
4854,17.0
4855,8.0
4856,10.0
4857,9.0
4858,13.0
4859,8.0
4860,9.0
4861,10.0
4862,4.0
4863,5.0
4864,13.0
4865,19.0
4866,9.0
4867,10.0
4868,19.0
4869,2.0
4870,4.0
4871,107.0
4872,45.0
4873,29.0
4874,26.0
4875,11.0
4876,13.0
4877,20.0
4878,7.0
4879,26.0
4880,29.0
4881,169.20999999999913
4882,82.0
4883,33.0
4884,16.0
4885,6.0
4886,9.0
4887,26.0
4888,11.0
4889,15.0
4890,6.0
4891,15.0
4892,4.0
4893,23.0
4894,28.0
4895,17.0
4896,51.0
4897,19.0
4898,20.0
4899,15.0
4900,29.0
4901,25.0
4902,13.0
4903,5.0
4904,3.0
4905,24.0
4906,37.0
4907,67.0
4908,39.0
4909,20.0
4910,133.0
4911,49.0
4912,43.0
4913,64.0
4914,64.0
4915,6.0
4916,5.0
4917,5.0
4918,10.0
4919,17.0
4920,4.0
4921,2.0
4922,37.0
4923,5.0
4924,28.0
4925,68.0
4926,73.0
4927,111.0
4928,15.0
4929,49.0
4930,111.0
4931,96.0
4932,99.0
4933,127.0
4934,169.20999999999913
4935,127.0
4936,42.0
4937,33.0
4938,83.0
4939,111.0
4940,4.0
4941,25.0
4942,149.0
4943,42.0
4944,41.0
4945,136.0
4946,96.0
4947,5.0
4948,16.0
4949,17.0
4950,33.0
4951,9.0
4952,9.0
4953,4.0
4954,5.0
4955,7.0
4956,9.0
4957,23.0
4958,37.0
4959,42.0
4960,20.0
4961,20.0
4962,61.0
4963,70.0
4964,52.0
4965,48.0
4966,93.0
4967,40.0
4968,29.0
4969,11.0
4970,31.0
4971,158.0
4972,60.0
4973,126.0
4974,82.0
4975,12.0
4976,14.0
4977,2.0
4978,6.0
4979,6.0
4980,3.0
4981,3.0
4982,1.0
4983,25.0
4984,8.0
4985,7.0
4986,17.0
4987,39.0
4988,33.0
4989,22.0
4990,9.0
4991,12.0
4992,5.0
4993,5.0
4994,6.0
4995,4.0
4996,8.0
4997,14.0
4998,6.0
4999,2.0
5000,24.0
5001,4.0
5002,7.0
5003,10.0
5004,1.0
5005,3.0
5006,1.0
5007,1.0
5008,2.0
5009,3.0
5010,1.0
5011,4.0
5012,3.0
5013,3.0
5014,3.0
5015,2.0
5016,7.0
5017,3.0
5018,2.0
5019,2.0
5020,2.0
5021,169.20999999999913
5022,58.0
5023,87.0
5024,54.0
5025,46.0
5026,30.0
5027,93.0
5028,34.0
5029,77.0
5030,74.0
5031,60.0
5032,100.0
5033,38.0
5034,26.0
5035,37.0
5036,28.0
5037,21.0
5038,32.0
5039,40.0
5040,20.0
5041,30.0
5042,19.0
5043,31.0
5044,26.0
5045,25.0
5046,17.0
5047,27.0
5048,15.0
5049,16.0
5050,40.0
5051,21.0
5052,2.0
5053,42.0
5054,3.0
5055,2.0
5056,24.0
5057,134.0
5058,32.0
5059,153.0
5060,169.20999999999913
5061,108.0
5062,99.0
5063,99.0
5064,79.0
5065,110.0
5066,169.20999999999913
5067,119.0
5068,86.0
5069,33.0
5070,47.0
5071,2.0
5072,5.0
5073,23.0
5074,11.0
5075,21.0
5076,40.0
5077,23.0
5078,79.0
5079,38.0
5080,102.0
5081,101.0
5082,41.0
5083,41.0
5084,115.0
5085,21.0
5086,13.0
5087,4.0
5088,78.0
5089,32.0
5090,39.0
5091,46.0
5092,40.0
5093,58.0
5094,33.0
5095,16.0
5096,92.0
5097,122.0
5098,110.0
5099,120.0
5100,169.20999999999913
5101,71.0
5102,95.0
5103,11.0
5104,12.0
5105,18.0
5106,2.0
5107,3.0
5108,7.0
5109,2.0
5110,5.0
5111,3.0
5112,3.0
5113,5.0
5114,4.0
5115,3.0
5116,3.0
5117,3.0
5118,13.0
5119,4.0
5120,4.0
5121,6.0
5122,4.0
5123,4.0
5124,4.0
5125,2.0
5126,2.0
5127,3.0
5128,7.0
5129,3.0
5130,3.0
5131,6.0
5132,6.0
5133,3.0
5134,11.0
5135,10.0
5136,10.0
5137,11.0
5138,17.0
5139,15.0
5140,10.0
5141,8.0
5142,8.0
5143,23.0
5144,8.0
5145,18.0
5146,35.0
5147,13.0
5148,24.0
5149,43.0
5150,22.0
5151,19.0
5152,7.0
5153,14.0
5154,2.0
5155,1.0
5156,2.0
5157,7.0
5158,6.0
5159,5.0
5160,2.0
5161,12.0
5162,2.0
5163,4.0
5164,2.0
5165,10.0
5166,9.0
5167,5.0
5168,3.0
5169,3.0
5170,5.0
5171,3.0
5172,7.0
5173,2.0
5174,3.0
5175,2.0
5176,4.0
5177,3.0
5178,4.0
5179,4.0
5180,3.0
5181,8.0
5182,4.0
5183,4.0
5184,5.0
5185,8.0
5186,6.0
5187,6.0
5188,4.0
5189,13.0
5190,7.0
5191,8.0
5192,3.0
5193,3.0
5194,34.0
5195,3.0
5196,3.0
5197,169.20999999999913
5198,9.0
5199,9.0
5200,6.0
5201,8.0
5202,4.0
5203,7.0
5204,13.0
5205,112.0
5206,8.0
5207,12.0
5208,42.0
5209,14.0
5210,4.0
5211,8.0
5212,3.0
5213,9.0
5214,10.0
5215,6.0
5216,9.0
5217,14.0
5218,21.0
5219,5.0
5220,4.0
5221,5.0
5222,3.0
5223,3.0
5224,9.0
5225,4.0
5226,6.0
5227,6.0
5228,6.0
5229,6.0
5230,31.0
5231,15.0
5232,10.0
5233,3.0
5234,5.0
5235,4.0
5236,73.0
5237,11.0
5238,7.0
5239,2.0
5240,5.0
5241,14.0
5242,4.0
5243,38.0
5244,7.0
5245,9.0
5246,10.0
5247,3.0
5248,2.0
5249,9.0
5250,3.0
5251,12.0
5252,15.0
5253,7.0
5254,18.0
5255,19.0
5256,36.0
5257,29.0
5258,32.0
5259,33.0
5260,10.0
5261,14.0
5262,15.0
5263,9.0
5264,16.0
5265,12.0
5266,11.0
5267,11.0
5268,13.0
5269,15.0
5270,16.0
5271,18.0
5272,19.0
5273,5.0
5274,5.0
5275,16.0
5276,4.0
5277,2.0
5278,5.0
5279,3.0
5280,7.0
5281,5.0
5282,3.0
5283,3.0
5284,6.0
5285,4.0
5286,5.0
5287,3.0
5288,4.0
5289,6.0
5290,4.0
5291,13.0
5292,3.0
5293,12.0
5294,6.0
5295,2.0
5296,7.0
5297,8.0
5298,3.0
5299,19.0
5300,7.0
5301,5.0
5302,9.0
5303,10.0
5304,6.0
5305,16.0
5306,40.0
5307,2.0
5308,3.0
5309,4.0
5310,1.0
5311,1.0
5312,3.0
5313,2.0
5314,3.0
5315,4.0
5316,19.0
5317,7.0
5318,7.0
5319,6.0
5320,7.0
5321,10.0
5322,6.0
5323,5.0
5324,8.0
5325,11.0
5326,3.0
5327,3.0
5328,4.0
5329,2.0
5330,3.0
5331,5.0
5332,6.0
5333,3.0
5334,2.0
5335,5.0
5336,9.0
5337,8.0
5338,6.0
5339,5.0
5340,29.0
5341,5.0
5342,3.0
5343,4.0
5344,5.0
5345,3.0
5346,10.0
5347,5.0
5348,3.0
5349,5.0
5350,8.0
5351,14.0
5352,11.0
5353,8.0
5354,5.0
5355,6.0
5356,6.0
5357,18.0
5358,7.0
5359,8.0
5360,21.0
5361,10.0
5362,13.0
5363,10.0
5364,29.0
5365,2.0
5366,3.0
5367,3.0
5368,7.0
5369,6.0
5370,4.0
5371,6.0
5372,6.0
5373,6.0
5374,7.0
5375,6.0
5376,6.0
5377,6.0
5378,8.0
5379,9.0
5380,2.0
5381,8.0
5382,5.0
5383,6.0
5384,6.0
5385,11.0
5386,2.0
5387,2.0
5388,4.0
5389,4.0
5390,3.0
5391,6.0
5392,5.0
5393,8.0
5394,6.0
5395,12.0
5396,19.0
5397,10.0
5398,31.0
5399,15.0
5400,4.0
5401,3.0
5402,3.0
5403,3.0
5404,9.0
5405,1.0
5406,2.0
5407,4.0
5408,21.0
5409,4.0
5410,3.0
5411,4.0
5412,3.0
5413,6.0
5414,11.0
5415,4.0
5416,13.0
5417,3.0
5418,3.0
5419,6.0
5420,5.0
5421,9.0
5422,5.0
5423,3.0
5424,4.0
5425,3.0
5426,2.0
5427,1.0
5428,7.0
5429,4.0
5430,4.0
5431,7.0
5432,7.0
5433,6.0
5434,7.0
5435,10.0
5436,8.0
5437,8.0
5438,12.0
5439,10.0
5440,9.0
5441,10.0
5442,10.0
5443,9.0
5444,6.0
5445,7.0
5446,4.0
5447,8.0
5448,37.0
5449,7.0
5450,7.0
5451,5.0
5452,9.0
5453,12.0
5454,63.0
5455,14.0
5456,16.0
5457,3.0
5458,32.0
5459,4.0
5460,2.0
5461,20.0
5462,6.0
5463,15.0
5464,5.0
5465,7.0
5466,3.0
5467,6.0
5468,11.0
5469,12.0
5470,2.0
5471,5.0
5472,18.0
5473,18.0
5474,7.0
5475,3.0
5476,14.0
5477,11.0
5478,10.0
5479,12.0
5480,10.0
5481,10.0
5482,12.0
5483,12.0
5484,2.0
5485,3.0
5486,3.0
5487,3.0
5488,22.0
5489,6.0
5490,5.0
5491,6.0
5492,6.0
5493,13.0
5494,57.0
5495,3.0
5496,19.0
5497,5.0
5498,5.0
5499,5.0
5500,4.0
5501,7.0
5502,8.0
5503,5.0
5504,4.0
5505,17.0
5506,9.0
5507,1.0
5508,2.0
5509,4.0
5510,4.0
5511,3.0
5512,5.0
5513,4.0
5514,5.0
5515,8.0
5516,5.0
5517,5.0
5518,4.0
5519,2.0
5520,9.0
5521,2.0
5522,3.0
5523,3.0
5524,2.0
5525,13.0
5526,6.0
5527,3.0
5528,3.0
5529,2.0
5530,37.0
5531,3.0
5532,30.0
5533,5.0
5534,4.0
5535,63.0
5536,5.0
5537,20.0
5538,9.0
5539,9.0
5540,5.0
5541,7.0
5542,7.0
5543,6.0
5544,3.0
5545,3.0
5546,2.0
5547,3.0
5548,2.0
5549,22.0
5550,5.0
5551,3.0
5552,4.0
5553,7.0
5554,4.0
5555,9.0
5556,5.0
5557,16.0
5558,20.0
5559,169.20999999999913
5560,9.0
5561,18.0
5562,50.0
5563,4.0
5564,26.0
5565,5.0
5566,8.0
5567,3.0
5568,2.0
5569,4.0
5570,2.0
5571,3.0
5572,11.0
5573,2.0
5574,7.0
5575,6.0
5576,2.0
5577,1.0
5578,4.0
5579,9.0
5580,8.0
5581,124.0
5582,3.0
5583,3.0
5584,36.0
5585,12.0
5586,66.0
5587,8.0
5588,4.0
5589,6.0
5590,9.0
5591,2.0
5592,6.0
5593,41.0
5594,7.0
5595,2.0
5596,8.0
5597,73.0
5598,17.0
5599,5.0
5600,3.0
5601,6.0
5602,6.0
5603,15.0
5604,5.0
5605,21.0
5606,11.0
5607,10.0
5608,1.0
5609,20.0
5610,8.0
5611,4.0
5612,7.0
5613,3.0
5614,20.0
5615,6.0
5616,18.0
5617,3.0
5618,5.0
5619,4.0
5620,4.0
5621,8.0
5622,9.0
5623,8.0
5624,2.0
5625,4.0
5626,1.0
5627,14.0
5628,47.0
5629,19.0
5630,6.0
5631,11.0
5632,5.0
5633,4.0
5634,5.0
5635,16.0
5636,5.0
5637,7.0
5638,3.0
5639,2.0
5640,8.0
5641,15.0
5642,3.0
5643,4.0
5644,3.0
5645,9.0
5646,2.0
5647,8.0
5648,26.0
5649,3.0
5650,6.0
5651,7.0
5652,2.0
5653,23.0
5654,8.0
5655,8.0
5656,4.0
5657,4.0
5658,4.0
5659,6.0
5660,1.0
5661,3.0
5662,1.0
5663,7.0
5664,3.0
5665,6.0
5666,1.0
5667,1.0
5668,8.0
5669,1.0
5670,3.0
5671,3.0
5672,10.0
5673,3.0
5674,22.0
5675,3.0
5676,9.0
5677,15.0
5678,2.0
5679,5.0
5680,20.0
5681,15.0
5682,3.0
5683,14.0
5684,106.0
5685,3.0
5686,3.0
5687,7.0
5688,1.0
5689,3.0
5690,18.0
5691,6.0
5692,5.0
5693,9.0
5694,3.0
5695,2.0
5696,4.0
5697,5.0
5698,8.0
5699,4.0
5700,5.0
5701,11.0
5702,3.0
5703,4.0
5704,2.0
5705,1.0
5706,1.0
5707,2.0
5708,1.0
5709,4.0
5710,2.0
5711,2.0
5712,6.0
5713,1.0
5714,1.0
5715,3.0
5716,7.0
5717,11.0
5718,4.0
5719,33.0
5720,2.0
5721,2.0
5722,3.0
5723,6.0
5724,3.0
5725,3.0
5726,7.0
5727,6.0
5728,49.0
5729,14.0
5730,22.0
5731,13.0
5732,19.0
5733,3.0
5734,6.0
5735,2.0
5736,4.0
5737,8.0
5738,3.0
5739,7.0
5740,8.0
5741,4.0
5742,4.0
5743,9.0
5744,14.0
5745,4.0
5746,6.0
5747,3.0
5748,23.0
5749,15.0
5750,6.0
5751,8.0
5752,3.0
5753,2.0
5754,3.0
5755,2.0
5756,12.0
5757,2.0
5758,4.0
5759,24.0
5760,33.0
5761,7.0
5762,6.0
5763,9.0
5764,4.0
5765,6.0
5766,4.0
5767,21.0
5768,9.0
5769,9.0
5770,3.0
5771,2.0
5772,4.0
5773,9.0
5774,4.0
5775,9.0
5776,5.0
5777,8.0
5778,3.0
5779,3.0
5780,5.0
5781,6.0
5782,3.0
5783,8.0
5784,22.0
5785,2.0
5786,18.0
5787,1.0
5788,2.0
5789,1.0
5790,3.0
5791,3.0
5792,5.0
5793,3.0
5794,2.0
5795,4.0
5796,2.0
5797,2.0
5798,2.0
5799,8.0
5800,3.0
5801,2.0
5802,2.0
5803,2.0
5804,1.0
5805,1.0
5806,4.0
5807,19.0
5808,30.0
5809,9.0
5810,2.0
5811,137.0
5812,19.0
5813,16.0
5814,9.0
5815,5.0
5816,3.0
5817,5.0
5818,6.0
5819,42.0
5820,4.0
5821,4.0
5822,4.0
5823,36.0
5824,3.0
5825,7.0
5826,3.0
5827,4.0
5828,3.0
5829,6.0
5830,11.0
5831,14.0
5832,3.0
5833,8.0
5834,2.0
5835,13.0
5836,8.0
5837,15.0
5838,5.0
5839,16.0
5840,3.0
5841,6.0
5842,12.0
5843,2.0
5844,29.0
5845,16.0
5846,16.0
5847,2.0
5848,6.0
5849,5.0
5850,3.0
5851,10.0
5852,7.0
5853,2.0
5854,6.0
5855,18.0
5856,11.0
5857,4.0
5858,8.0
5859,4.0
5860,3.0
5861,5.0
5862,44.0
5863,3.0
5864,3.0
5865,3.0
5866,5.0
5867,19.0
5868,5.0
5869,5.0
5870,6.0
5871,4.0
5872,6.0
5873,2.0
5874,2.0
5875,3.0
5876,2.0
5877,3.0
5878,3.0
5879,3.0
5880,9.0
5881,4.0
5882,2.0
5883,11.0
5884,18.0
5885,6.0
5886,6.0
5887,7.0
5888,8.0
5889,83.0
5890,4.0
5891,4.0
5892,5.0
5893,7.0
5894,17.0
5895,6.0
5896,10.0
5897,7.0
5898,7.0
5899,4.0
5900,7.0
5901,5.0
5902,8.0
5903,6.0
5904,5.0
5905,5.0
5906,3.0
5907,7.0
5908,6.0
5909,7.0
5910,6.0
5911,8.0
5912,9.0
5913,8.0
5914,9.0
5915,8.0
5916,3.0
5917,3.0
5918,5.0
5919,3.0
5920,18.0
5921,5.0
5922,2.0
5923,3.0
5924,3.0
5925,2.0
5926,3.0
5927,4.0
5928,13.0
5929,3.0
5930,9.0
5931,6.0
5932,11.0
5933,4.0
5934,3.0
5935,8.0
5936,2.0
5937,5.0
5938,4.0
5939,5.0
5940,4.0
5941,4.0
5942,5.0
5943,7.0
5944,5.0
5945,7.0
5946,5.0
5947,6.0
5948,8.0
5949,5.0
5950,9.0
5951,10.0
5952,5.0
5953,5.0
5954,2.0
5955,5.0
5956,6.0
5957,2.0
5958,2.0
5959,1.0
5960,4.0
5961,5.0
5962,3.0
5963,5.0
5964,4.0
5965,1.0
5966,1.0
5967,2.0
5968,6.0
5969,1.0
5970,4.0
5971,1.0
5972,2.0
5973,2.0
5974,2.0
5975,3.0
5976,2.0
5977,4.0
5978,6.0
5979,1.0
5980,2.0
5981,2.0
5982,1.0
5983,2.0
5984,5.0
5985,3.0
5986,5.0
5987,4.0
5988,4.0
5989,5.0
5990,4.0
5991,4.0
5992,3.0
5993,2.0
5994,3.0
5995,2.0
5996,3.0
5997,3.0
5998,3.0
5999,4.0
6000,2.0
6001,2.0
6002,2.0
6003,2.0
6004,2.0
6005,8.0
6006,11.0
6007,3.0
6008,12.0
6009,13.0
6010,5.0
6011,7.0
6012,3.0
6013,4.0
6014,5.0
6015,3.0
6016,8.0
6017,7.0
6018,37.0
6019,3.0
6020,18.0
6021,1.0
6022,2.0
6023,3.0
6024,3.0
6025,2.0
6026,6.0
6027,71.0
6028,5.0
6029,7.0
6030,1.0
6031,3.0
6032,8.0
6033,3.0
6034,3.0
6035,2.0
6036,3.0
6037,3.0
6038,6.0
6039,4.0
6040,4.0
6041,5.0
6042,5.0
6043,6.0
6044,5.0
6045,9.0
6046,9.0
6047,4.0
6048,9.0
6049,3.0
6050,5.0
6051,6.0
6052,6.0
6053,5.0
6054,6.0
6055,6.0
6056,21.0
6057,2.0
6058,4.0
6059,104.0
6060,2.0
6061,4.0
6062,3.0
6063,4.0
6064,3.0
6065,4.0
6066,5.0
6067,6.0
6068,4.0
6069,6.0
6070,9.0
6071,5.0
6072,9.0
6073,13.0
6074,5.0
6075,7.0
6076,5.0
6077,6.0
6078,10.0
6079,4.0
6080,5.0
6081,4.0
6082,4.0
6083,7.0
6084,10.0
6085,7.0
6086,4.0
6087,11.0
6088,6.0
6089,6.0
6090,6.0
6091,5.0
6092,13.0
6093,3.0
6094,7.0
6095,8.0
6096,5.0
6097,3.0
6098,2.0
6099,2.0
6100,4.0
6101,6.0
6102,3.0
6103,4.0
6104,13.0
6105,5.0
6106,98.0
6107,6.0
6108,5.0
6109,2.0
6110,6.0
6111,3.0
6112,12.0
6113,16.0
6114,34.0
6115,5.0
6116,8.0
6117,3.0
6118,5.0
6119,10.0
6120,4.0
6121,24.0
6122,5.0
6123,27.0
6124,6.0
6125,12.0
6126,4.0
6127,4.0
6128,4.0
6129,3.0
6130,7.0
6131,7.0
6132,6.0
6133,3.0
6134,11.0
6135,13.0
6136,9.0
6137,7.0
6138,54.0
6139,13.0
6140,8.0
6141,3.0
6142,5.0
6143,23.0
6144,6.0
6145,3.0
6146,1.0
6147,4.0
6148,21.0
6149,4.0
6150,7.0
6151,6.0
6152,5.0
6153,30.0
6154,38.0
6155,18.0
6156,6.0
6157,7.0
6158,7.0
6159,14.0
6160,35.0
6161,7.0
6162,23.0
6163,38.0
6164,7.0
6165,2.0
6166,4.0
6167,2.0
6168,42.0
6169,34.0
6170,1.0
6171,5.0
6172,8.0
6173,26.0
6174,8.0
6175,17.0
6176,15.0
6177,24.0
6178,8.0
6179,20.0
6180,3.0
6181,15.0
6182,6.0
6183,53.0
6184,6.0
6185,41.0
6186,4.0
6187,3.0
6188,2.0
6189,5.0
6190,169.20999999999913
6191,3.0
6192,4.0
6193,4.0
6194,9.0
6195,1.0
6196,1.0
6197,2.0
6198,2.0
6199,4.0
6200,2.0
6201,3.0
6202,3.0
6203,2.0
6204,2.0
6205,11.0
6206,7.0
6207,6.0
6208,6.0
6209,10.0
6210,7.0
6211,10.0
6212,9.0
6213,15.0
6214,9.0
6215,28.0
6216,9.0
6217,8.0
6218,12.0
6219,11.0
6220,7.0
6221,10.0
6222,9.0
6223,9.0
6224,11.0
6225,15.0
6226,14.0
6227,8.0
6228,6.0
6229,71.0
6230,18.0
6231,8.0
6232,9.0
6233,19.0
6234,10.0
6235,3.0
6236,17.0
6237,11.0
6238,12.0
6239,17.0
6240,49.0
6241,8.0
6242,3.0
6243,4.0
6244,3.0
6245,3.0
6246,8.0
6247,3.0
6248,3.0
6249,3.0
6250,1.0
6251,1.0
6252,1.0
6253,1.0
6254,1.0
6255,7.0
6256,8.0
6257,9.0
6258,10.0
6259,9.0
6260,7.0
6261,8.0
6262,8.0
6263,11.0
6264,13.0
6265,16.0
6266,16.0
6267,9.0
6268,8.0
6269,10.0
6270,5.0
6271,6.0
6272,7.0
6273,7.0
6274,2.0
6275,2.0
6276,5.0
6277,2.0
6278,3.0
6279,3.0
6280,3.0
6281,2.0
6282,4.0
6283,4.0
6284,3.0
6285,1.0
6286,2.0
6287,3.0
6288,1.0
6289,8.0
6290,7.0
6291,8.0
6292,5.0
6293,3.0
6294,6.0
6295,22.0
6296,3.0
6297,7.0
6298,17.0
6299,5.0
6300,11.0
6301,2.0
6302,5.0
6303,3.0
6304,10.0
6305,15.0
6306,10.0
6307,31.0
6308,7.0
6309,5.0
6310,19.0
6311,8.0
6312,14.0
6313,12.0
6314,23.0
6315,12.0
6316,16.0
6317,13.0
6318,25.0
6319,12.0
6320,5.0
6321,6.0
6322,5.0
6323,6.0
6324,9.0
6325,7.0
6326,7.0
6327,8.0
6328,6.0
6329,7.0
6330,5.0
6331,7.0
6332,2.0
6333,12.0
6334,6.0
6335,11.0
6336,3.0
6337,2.0
6338,10.0
6339,67.0
6340,10.0
6341,11.0
6342,4.0
6343,5.0
6344,7.0
6345,10.0
6346,17.0
6347,6.0
6348,19.0
6349,19.0
6350,9.0
6351,23.0
6352,6.0
6353,8.0
6354,43.0
6355,3.0
6356,13.0
6357,12.0
6358,34.0
6359,17.0
6360,9.0
6361,3.0
6362,5.0
6363,4.0
6364,4.0
6365,12.0
6366,2.0
6367,18.0
6368,2.0
6369,7.0
6370,11.0
6371,2.0
6372,54.0
6373,3.0
6374,7.0
6375,3.0
6376,13.0
6377,25.0
6378,8.0
6379,7.0
6380,16.0
6381,8.0
6382,8.0
6383,8.0
6384,17.0
6385,10.0
6386,8.0
6387,18.0
6388,9.0
6389,7.0
6390,10.0
6391,7.0
6392,8.0
6393,7.0
6394,12.0
6395,7.0
6396,7.0
6397,30.0
6398,49.0
6399,37.0
6400,30.0
6401,15.0
6402,10.0
6403,9.0
6404,15.0
6405,26.0
6406,20.0
6407,2.0
6408,6.0
6409,1.0
6410,2.0
6411,30.0
6412,2.0
6413,6.0
6414,3.0
6415,8.0
6416,4.0
6417,2.0
6418,3.0
6419,6.0
6420,3.0
6421,7.0
6422,2.0
6423,3.0
6424,3.0
6425,2.0
6426,5.0
6427,8.0
6428,4.0
6429,6.0
6430,6.0
6431,6.0
6432,5.0
6433,6.0
6434,4.0
6435,80.0
6436,14.0
6437,6.0
6438,6.0
6439,36.0
6440,16.0
6441,11.0
6442,6.0
6443,15.0
6444,63.0
6445,36.0
6446,22.0
6447,24.0
6448,4.0
6449,4.0
6450,6.0
6451,5.0
6452,4.0
6453,5.0
6454,5.0
6455,4.0
6456,5.0
6457,4.0
6458,5.0
6459,5.0
6460,6.0
6461,6.0
6462,6.0
6463,9.0
6464,6.0
6465,13.0
6466,5.0
6467,6.0
6468,5.0
6469,6.0
6470,13.0
6471,14.0
6472,14.0
6473,2.0
6474,5.0
6475,34.0
6476,54.0
6477,4.0
6478,22.0
6479,5.0
6480,8.0
6481,6.0
6482,7.0
6483,1.0
6484,2.0
6485,5.0
6486,7.0
6487,19.0
6488,10.0
6489,28.0
6490,25.0
6491,39.0
6492,17.0
6493,16.0
6494,6.0
6495,4.0
6496,3.0
6497,3.0
6498,2.0
6499,1.0
6500,6.0
6501,5.0
6502,7.0
6503,6.0
6504,5.0
6505,4.0
6506,5.0
6507,7.0
6508,7.0
6509,6.0
6510,4.0
6511,7.0
6512,8.0
6513,4.0
6514,9.0
6515,12.0
6516,7.0
6517,4.0
6518,51.0
6519,5.0
6520,2.0
6521,7.0
6522,4.0
6523,5.0
6524,24.0
6525,11.0
6526,5.0
6527,14.0
6528,7.0
6529,15.0
6530,8.0
6531,7.0
6532,9.0
6533,8.0
6534,5.0
6535,16.0
6536,5.0
6537,32.0
6538,7.0
6539,7.0
6540,1.0
6541,22.0
6542,14.0
6543,5.0
6544,11.0
6545,1.0
6546,1.0
6547,1.0
6548,1.0
6549,1.0
6550,10.0
6551,5.0
6552,15.0
6553,48.0
6554,6.0
6555,3.0
6556,5.0
6557,5.0
6558,2.0
6559,18.0
6560,16.0
6561,2.0
6562,11.0
6563,2.0
6564,2.0
6565,6.0
6566,30.0
6567,4.0
6568,2.0
6569,3.0
6570,1.0
6571,7.0
6572,2.0
6573,8.0
6574,3.0
6575,2.0
6576,3.0
6577,2.0
6578,5.0
6579,9.0
6580,9.0
6581,15.0
6582,13.0
6583,9.0
6584,8.0
6585,12.0
6586,7.0
6587,6.0
6588,11.0
6589,9.0
6590,10.0
6591,12.0
6592,8.0
6593,9.0
6594,8.0
6595,15.0
6596,9.0
6597,8.0
6598,2.0
6599,3.0
6600,3.0
6601,4.0
6602,3.0
6603,2.0
6604,6.0
6605,7.0
6606,4.0
6607,4.0
6608,2.0
6609,2.0
6610,4.0
6611,2.0
6612,3.0
6613,3.0
6614,3.0
6615,2.0
6616,4.0
6617,2.0
6618,13.0
6619,8.0
6620,16.0
6621,4.0
6622,5.0
6623,5.0
6624,6.0
6625,4.0
6626,2.0
6627,2.0
6628,4.0
6629,4.0
6630,4.0
6631,4.0
6632,6.0
6633,8.0
6634,13.0
6635,4.0
6636,6.0
6637,6.0
6638,6.0
6639,42.0
6640,7.0
6641,7.0
6642,6.0
6643,6.0
6644,6.0
6645,12.0
6646,5.0
6647,10.0
6648,14.0
6649,10.0
6650,7.0
6651,3.0
6652,21.0
6653,15.0
6654,30.0
6655,23.0
6656,6.0
6657,5.0
6658,45.0
6659,11.0
6660,3.0
6661,19.0
6662,14.0
6663,12.0
6664,3.0
6665,4.0
6666,5.0
6667,18.0
6668,16.0
6669,17.0
6670,33.0
6671,17.0
6672,5.0
6673,7.0
6674,6.0
6675,1.0
6676,14.0
6677,10.0
6678,22.0
6679,5.0
6680,3.0
6681,2.0
6682,6.0
6683,4.0
6684,11.0
6685,19.0
6686,1.0
6687,1.0
6688,1.0
6689,1.0
6690,2.0
6691,14.0
6692,8.0
6693,3.0
6694,24.0
6695,13.0
6696,11.0
6697,11.0
6698,6.0
6699,12.0
6700,34.0
6701,3.0
6702,10.0
6703,4.0
6704,22.0
6705,5.0
6706,4.0
6707,11.0
6708,6.0
6709,6.0
6710,13.0
6711,8.0
6712,7.0
6713,2.0
6714,4.0
6715,4.0
6716,4.0
6717,3.0
6718,6.0
6719,15.0
6720,9.0
6721,3.0
6722,2.0
6723,4.0
6724,3.0
6725,2.0
6726,3.0
6727,49.0
6728,12.0
6729,13.0
6730,16.0
6731,39.0
6732,14.0
6733,3.0
6734,20.0
6735,106.0
6736,32.0
6737,12.0
6738,5.0
6739,3.0
6740,2.0
6741,2.0
6742,4.0
6743,114.0
6744,1.0
6745,18.0
6746,2.0
6747,3.0
6748,4.0
6749,9.0
6750,4.0
6751,12.0
6752,2.0
6753,3.0
6754,7.0
6755,7.0
6756,3.0
6757,14.0
6758,9.0
6759,15.0
6760,7.0
6761,6.0
6762,6.0
6763,6.0
6764,6.0
6765,10.0
6766,10.0
6767,8.0
6768,8.0
6769,8.0
6770,7.0
6771,7.0
6772,5.0
6773,8.0
6774,12.0
6775,8.0
6776,8.0
6777,7.0
6778,10.0
6779,9.0
6780,11.0
6781,58.0
6782,5.0
6783,6.0
6784,7.0
6785,8.0
6786,9.0
6787,6.0
6788,6.0
6789,7.0
6790,6.0
6791,9.0
6792,16.0
6793,5.0
6794,6.0
6795,6.0
6796,5.0
6797,4.0
6798,2.0
6799,19.0
6800,5.0
6801,23.0
6802,23.0
6803,27.0
6804,25.0
6805,5.0
6806,5.0
6807,7.0
6808,4.0
6809,4.0
6810,22.0
6811,6.0
6812,7.0
6813,6.0
6814,10.0
6815,18.0
6816,5.0
6817,7.0
6818,8.0
6819,13.0
6820,13.0
6821,8.0
6822,9.0
6823,2.0
6824,1.0
6825,15.0
6826,7.0
6827,2.0
6828,4.0
6829,5.0
6830,10.0
6831,3.0
6832,3.0
6833,5.0
6834,7.0
6835,2.0
6836,4.0
6837,13.0
6838,13.0
6839,10.0
6840,8.0
6841,6.0
6842,5.0
6843,5.0
6844,5.0
6845,7.0
6846,2.0
6847,11.0
6848,4.0
6849,5.0
6850,5.0
6851,1.0
6852,7.0
6853,18.0
6854,40.0
6855,46.0
6856,18.0
6857,25.0
6858,20.0
6859,10.0
6860,8.0
6861,7.0
6862,7.0
6863,5.0
6864,7.0
6865,10.0
6866,5.0
6867,7.0
6868,7.0
6869,7.0
6870,5.0
6871,7.0
6872,5.0
6873,7.0
6874,5.0
6875,3.0
6876,8.0
6877,7.0
6878,17.0
6879,10.0
6880,7.0
6881,2.0
6882,39.0
6883,8.0
6884,9.0
6885,3.0
6886,16.0
6887,2.0
6888,2.0
6889,12.0
6890,11.0
6891,7.0
6892,10.0
6893,4.0
6894,10.0
6895,6.0
6896,5.0
6897,7.0
6898,158.0
6899,9.0
6900,8.0
6901,7.0
6902,7.0
6903,6.0
6904,4.0
6905,11.0
6906,8.0
6907,6.0
6908,14.0
6909,33.0
6910,9.0
6911,11.0
6912,6.0
6913,11.0
6914,7.0
6915,4.0
6916,6.0
6917,13.0
6918,32.0
6919,55.0
6920,7.0
6921,11.0
6922,13.0
6923,19.0
6924,3.0
6925,25.0
6926,33.0
6927,128.0
6928,32.0
6929,27.0
6930,22.0
6931,22.0
6932,11.0
6933,15.0
6934,8.0
6935,12.0
6936,16.0
6937,13.0
6938,13.0
6939,15.0
6940,16.0
6941,7.0
6942,10.0
6943,8.0
6944,13.0
6945,14.0
6946,44.0
6947,14.0
6948,23.0
6949,12.0
6950,8.0
6951,13.0
6952,7.0
6953,6.0
6954,6.0
6955,1.0
6956,23.0
6957,10.0
6958,17.0
6959,9.0
6960,25.0
6961,11.0
6962,8.0
6963,21.0
6964,20.0
6965,12.0
6966,13.0
6967,18.0
6968,15.0
6969,28.0
6970,51.0
6971,48.0
6972,13.0
6973,12.0
6974,18.0
6975,18.0
6976,29.0
6977,16.0
6978,19.0
6979,74.0
6980,9.0
6981,19.0
6982,18.0
6983,9.0
6984,8.0
6985,9.0
6986,7.0
6987,9.0
6988,7.0
6989,13.0
6990,11.0
6991,20.0
6992,6.0
6993,7.0
6994,4.0
6995,10.0
6996,5.0
6997,5.0
6998,5.0
6999,36.0
7000,2.0
7001,1.0
7002,4.0
7003,5.0
7004,11.0
7005,9.0
7006,4.0
7007,13.0
7008,28.0
7009,6.0
7010,15.0
7011,2.0
7012,14.0
7013,11.0
7014,9.0
7015,10.0
7016,12.0
7017,7.0
7018,8.0
7019,7.0
7020,10.0
7021,6.0
7022,11.0
7023,10.0
7024,12.0
7025,12.0
7026,16.0
7027,7.0
7028,16.0
7029,10.0
7030,4.0
7031,4.0
7032,9.0
7033,8.0
7034,6.0
7035,5.0
7036,11.0
7037,6.0
7038,4.0
7039,8.0
7040,7.0
7041,5.0
7042,7.0
7043,4.0
7044,5.0
7045,5.0
7046,29.0
7047,5.0
7048,4.0
7049,6.0
7050,5.0
7051,5.0
7052,17.0
7053,28.0
7054,6.0
7055,7.0
7056,21.0
7057,29.0
7058,5.0
7059,7.0
7060,19.0
7061,8.0
7062,6.0
7063,32.0
7064,5.0
7065,7.0
7066,9.0
7067,7.0
7068,11.0
7069,71.0
7070,7.0
7071,20.0
7072,18.0
7073,13.0
7074,39.0
7075,32.0
7076,12.0
7077,9.0
7078,9.0
7079,5.0
7080,11.0
7081,7.0
7082,12.0
7083,10.0
7084,8.0
7085,33.0
7086,17.0
7087,7.0
7088,9.0
7089,17.0
7090,40.0
7091,5.0
7092,5.0
7093,5.0
7094,24.0
7095,17.0
7096,14.0
7097,17.0
7098,22.0
7099,12.0
7100,9.0
7101,7.0
7102,16.0
7103,4.0
7104,4.0
7105,9.0
7106,8.0
7107,4.0
7108,5.0
7109,6.0
7110,6.0
7111,8.0
7112,21.0
7113,12.0
7114,6.0
7115,6.0
7116,15.0
7117,33.0
7118,7.0
7119,6.0
7120,7.0
7121,15.0
7122,20.0
7123,9.0
7124,10.0
7125,33.0
7126,72.0
7127,7.0
7128,11.0
7129,9.0
7130,8.0
7131,5.0
7132,25.0
7133,40.0
7134,6.0
7135,8.0
7136,10.0
7137,9.0
7138,5.0
7139,38.0
7140,3.0
7141,4.0
7142,7.0
7143,15.0
7144,6.0
7145,11.0
7146,8.0
7147,4.0
7148,22.0
7149,5.0
7150,7.0
7151,42.0
7152,14.0
7153,7.0
7154,5.0
7155,23.0
7156,13.0
7157,16.0
7158,6.0
7159,7.0
7160,47.0
7161,23.0
7162,45.0
7163,21.0
7164,10.0
7165,24.0
7166,8.0
7167,15.0
7168,12.0
7169,10.0
7170,15.0
7171,14.0
7172,12.0
7173,14.0
7174,10.0
7175,9.0
7176,24.0
7177,13.0
7178,19.0
7179,12.0
7180,6.0
7181,19.0
7182,7.0
7183,9.0
7184,6.0
7185,5.0
7186,5.0
7187,8.0
7188,7.0
7189,25.0
7190,11.0
7191,11.0
7192,5.0
7193,36.0
7194,8.0
7195,9.0
7196,52.0
7197,15.0
7198,23.0
7199,5.0
7200,6.0
7201,6.0
7202,6.0
7203,8.0
7204,16.0
7205,15.0
7206,25.0
7207,49.0
7208,41.0
7209,31.0
7210,72.0
7211,66.0
7212,28.0
7213,24.0
7214,39.0
7215,7.0
7216,14.0
7217,8.0
7218,14.0
7219,9.0
7220,5.0
7221,23.0
7222,4.0
7223,16.0
7224,5.0
7225,5.0
7226,15.0
7227,5.0
7228,5.0
7229,4.0
7230,14.0
7231,8.0
7232,6.0
7233,5.0
7234,7.0
7235,21.0
7236,9.0
7237,6.0
7238,5.0
7239,6.0
7240,6.0
7241,5.0
7242,18.0
7243,5.0
7244,34.0
7245,6.0
7246,10.0
7247,10.0
7248,8.0
7249,4.0
7250,12.0
7251,14.0
7252,11.0
7253,4.0
7254,9.0
7255,5.0
7256,9.0
7257,14.0
7258,6.0
7259,4.0
7260,12.0
7261,14.0
7262,14.0
7263,27.0
7264,28.0
7265,17.0
7266,109.0
7267,7.0
7268,16.0
7269,14.0
7270,20.0
7271,5.0
7272,13.0
7273,9.0
7274,6.0
7275,6.0
7276,7.0
7277,3.0
7278,8.0
7279,4.0
7280,15.0
7281,11.0
7282,13.0
7283,60.0
7284,9.0
7285,6.0
7286,4.0
7287,20.0
7288,5.0
7289,17.0
7290,13.0
7291,8.0
7292,6.0
7293,42.0
7294,12.0
7295,6.0
7296,16.0
7297,31.0
7298,13.0
7299,18.0
7300,7.0
7301,10.0
7302,13.0
7303,6.0
7304,9.0
7305,6.0
7306,10.0
7307,5.0
7308,6.0
7309,11.0
7310,8.0
7311,4.0
7312,5.0
7313,7.0
7314,8.0
7315,15.0
7316,10.0
7317,10.0
7318,16.0
7319,11.0
7320,16.0
7321,5.0
7322,11.0
7323,10.0
7324,15.0
7325,19.0
7326,9.0
7327,25.0
7328,9.0
7329,10.0
7330,9.0
7331,7.0
7332,9.0
7333,4.0
7334,8.0
7335,6.0
7336,6.0
7337,10.0
7338,35.0
7339,35.0
7340,63.0
7341,64.0
7342,92.0
7343,18.0
7344,40.0
7345,47.0
7346,24.0
7347,15.0
7348,35.0
7349,17.0
7350,20.0
7351,8.0
7352,6.0
7353,11.0
7354,12.0
7355,13.0
7356,7.0
7357,10.0
7358,11.0
7359,16.0
7360,6.0
7361,17.0
7362,10.0
7363,13.0
7364,17.0
7365,8.0
7366,8.0
7367,7.0
7368,3.0
7369,6.0
7370,6.0
7371,6.0
7372,14.0
7373,12.0
7374,3.0
7375,26.0
7376,20.0
7377,7.0
7378,7.0
7379,6.0
7380,143.0
7381,10.0
7382,8.0
7383,5.0
7384,9.0
7385,14.0
7386,26.0
7387,6.0
7388,5.0
7389,9.0
7390,9.0
7391,8.0
7392,6.0
7393,7.0
7394,7.0
7395,5.0
7396,9.0
7397,4.0
7398,6.0
7399,4.0
7400,8.0
7401,7.0
7402,6.0
7403,10.0
7404,13.0
7405,13.0
7406,54.0
7407,18.0
7408,34.0
7409,13.0
7410,37.0
7411,23.0
7412,14.0
7413,21.0
7414,17.0
7415,57.0
7416,6.0
7417,65.0
7418,8.0
7419,6.0
7420,10.0
7421,14.0
7422,18.0
7423,22.0
7424,5.0
7425,6.0
7426,8.0
7427,10.0
7428,9.0
7429,8.0
7430,24.0
7431,13.0
7432,18.0
7433,4.0
7434,17.0
7435,27.0
7436,5.0
7437,7.0
7438,30.0
7439,19.0
7440,4.0
7441,9.0
7442,5.0
7443,8.0
7444,12.0
7445,5.0
7446,3.0
7447,5.0
7448,8.0
7449,6.0
7450,10.0
7451,12.0
7452,4.0
7453,21.0
7454,6.0
7455,12.0
7456,6.0
7457,6.0
7458,34.0
7459,9.0
7460,22.0
7461,11.0
7462,15.0
7463,3.0
7464,5.0
7465,4.0
7466,20.0
7467,2.0
7468,6.0
7469,37.0
7470,19.0
7471,6.0
7472,27.0
7473,22.0
7474,15.0
7475,15.0
7476,8.0
7477,8.0
7478,17.0
7479,19.0
7480,17.0
7481,12.0
7482,26.0
7483,22.0
7484,10.0
7485,17.0
7486,94.0
7487,4.0
7488,63.0
7489,8.0
7490,13.0
7491,5.0
7492,20.0
7493,33.0
7494,6.0
7495,6.0
7496,15.0
7497,15.0
7498,8.0
7499,35.0
7500,71.0
7501,80.0
7502,70.0
7503,103.0
7504,14.0
7505,86.0
7506,36.0
7507,96.0
7508,53.0
7509,12.0
7510,17.0
7511,12.0
7512,4.0
7513,6.0
7514,25.0
7515,12.0
7516,30.0
7517,5.0
7518,5.0
7519,22.0
7520,9.0
7521,14.0
7522,10.0
7523,15.0
7524,19.0
7525,8.0
7526,16.0
7527,55.0
7528,14.0
7529,36.0
7530,3.0
7531,119.0
7532,8.0
7533,12.0
7534,11.0
7535,25.0
7536,30.0
7537,27.0
7538,16.0
7539,14.0
7540,20.0
7541,12.0
7542,56.0
7543,10.0
7544,7.0
7545,42.0
7546,16.0
7547,7.0
7548,21.0
7549,32.0
7550,69.0
7551,49.0
7552,82.0
7553,50.0
7554,37.0
7555,11.0
7556,49.0
7557,26.0
7558,19.0
7559,31.0
7560,13.0
7561,69.0
7562,29.0
7563,34.0
7564,34.0
7565,46.0
7566,16.0
7567,29.0
7568,22.0
7569,21.0
7570,25.0
7571,19.0
7572,35.0
7573,16.0
7574,26.0
7575,70.0
7576,67.0
7577,15.0
7578,123.0
7579,143.0
7580,24.0
7581,51.0
7582,9.0
7583,17.0
7584,19.0
7585,13.0
7586,21.0
7587,14.0
7588,13.0
7589,18.0
7590,7.0
7591,11.0
7592,6.0
7593,14.0
7594,16.0
7595,27.0
7596,4.0
7597,169.20999999999913
7598,110.0
7599,129.0
7600,55.0
7601,88.0
7602,169.20999999999913
7603,147.0
7604,89.0
7605,40.0
7606,140.0
7607,106.0
7608,38.0
7609,27.0
7610,59.0
7611,15.0
7612,34.0
7613,15.0
7614,24.0
7615,35.0
7616,23.0
7617,39.0
7618,20.0
7619,32.0
7620,21.0
7621,27.0
7622,30.0
7623,5.0
7624,18.0
7625,85.0
7626,17.0
7627,35.0
7628,97.0
7629,46.0
7630,41.0
7631,18.0
7632,129.0
7633,11.0
7634,17.0
7635,5.0
7636,9.0
7637,22.0
7638,4.0
7639,18.0
7640,17.0
7641,19.0
7642,31.0
7643,21.0
7644,11.0
7645,18.0
7646,5.0
7647,27.0
7648,33.0
7649,62.0
7650,6.0
7651,4.0
7652,11.0
7653,169.20999999999913
7654,20.0
7655,31.0
7656,4.0
7657,5.0
7658,15.0
7659,1.0
7660,43.0
7661,12.0
7662,2.0
7663,12.0
7664,21.0
7665,30.0
7666,40.0
7667,24.0
7668,39.0
7669,38.0
7670,25.0
7671,16.0
7672,56.0
7673,51.0
7674,22.0
7675,14.0
7676,23.0
7677,20.0
7678,23.0
7679,7.0
7680,52.0
7681,7.0
7682,13.0
7683,164.0
7684,20.0
7685,12.0
7686,7.0
7687,42.0
7688,11.0
7689,8.0
7690,21.0
7691,5.0
7692,169.20999999999913
7693,14.0
7694,6.0
7695,8.0
7696,20.0
7697,26.0
7698,6.0
7699,13.0
7700,15.0
7701,14.0
7702,18.0
7703,18.0
7704,27.0
7705,17.0
7706,5.0
7707,27.0
7708,10.0
7709,18.0
7710,43.0
7711,15.0
7712,85.0
7713,107.0
7714,8.0
7715,6.0
7716,53.0
7717,13.0
7718,26.0
7719,26.0
7720,12.0
7721,44.0
7722,13.0
7723,45.0
7724,14.0
7725,108.0
7726,111.0
7727,69.0
7728,49.0
7729,58.0
7730,29.0
7731,28.0
7732,72.0
7733,32.0
7734,33.0
7735,26.0
7736,28.0
7737,27.0
7738,36.0
7739,24.0
7740,34.0
7741,16.0
7742,5.0
7743,101.0
7744,84.0
7745,45.0
7746,6.0
7747,40.0
7748,33.0
7749,49.0
7750,21.0
7751,25.0
7752,5.0
7753,4.0
7754,6.0
7755,12.0
7756,13.0
7757,9.0
7758,6.0
7759,5.0
7760,4.0
7761,12.0
7762,10.0
7763,8.0
7764,14.0
7765,15.0
7766,11.0
7767,23.0
7768,7.0
7769,9.0
7770,9.0
7771,15.0
7772,19.0
7773,100.0
7774,15.0
7775,5.0
7776,4.0
7777,6.0
7778,11.0
7779,17.0
7780,14.0
7781,20.0
7782,6.0
7783,16.0
7784,35.0
7785,151.0
7786,25.0
7787,40.0
7788,37.0
7789,114.0
7790,74.0
7791,86.0
7792,38.0
7793,116.0
7794,61.0
7795,41.0
7796,78.0
7797,75.0
7798,55.0
7799,116.0
7800,25.0
7801,21.0
7802,25.0
7803,33.0
7804,89.0
7805,82.0
7806,7.0
7807,23.0
7808,11.0
7809,20.0
7810,52.0
7811,23.0
7812,15.0
7813,12.0
7814,19.0
7815,33.0
7816,14.0
7817,25.0
7818,12.0
7819,30.0
7820,16.0
7821,22.0
7822,25.0
7823,21.0
7824,31.0
7825,32.0
7826,169.20999999999913
7827,12.0
7828,24.0
7829,39.0
7830,18.0
7831,37.0
7832,41.0
7833,76.0
7834,77.0
7835,7.0
7836,63.0
7837,22.0
7838,6.0
7839,58.0
7840,15.0
7841,65.0
7842,30.0
7843,9.0
7844,41.0
7845,96.0
7846,113.0
7847,169.20999999999913
7848,48.0
7849,53.0
7850,36.0
7851,169.20999999999913
7852,72.0
7853,43.0
7854,34.0
7855,40.0
7856,6.0
7857,16.0
7858,35.0
7859,19.0
7860,23.0
7861,80.0
7862,77.0
7863,33.0
7864,38.0
7865,29.0
7866,61.0
7867,33.0
7868,30.0
7869,41.0
7870,28.0
7871,29.0
7872,11.0
7873,23.0
7874,15.0
7875,7.0
7876,5.0
7877,8.0
7878,8.0
7879,8.0
7880,9.0
7881,11.0
7882,20.0
7883,18.0
7884,8.0
7885,7.0
7886,11.0
7887,14.0
7888,14.0
7889,77.0
7890,32.0
7891,62.0
7892,87.0
7893,105.0
7894,44.0
7895,79.0
7896,84.0
7897,36.0
7898,93.0
7899,82.0
7900,59.0
7901,129.0
7902,117.0
7903,27.0
7904,11.0
7905,3.0
7906,16.0
7907,17.0
7908,10.0
7909,22.0
7910,24.0
7911,15.0
7912,29.0
7913,6.0
7914,17.0
7915,5.0
7916,5.0
7917,14.0
7918,9.0
7919,27.0
7920,18.0
7921,6.0
7922,13.0
7923,21.0
7924,16.0
7925,33.0
7926,24.0
7927,23.0
7928,15.0
7929,39.0
7930,45.0
7931,55.0
7932,20.0
7933,9.0
7934,8.0
7935,7.0
7936,7.0
7937,15.0
7938,48.0
7939,11.0
7940,18.0
7941,9.0
7942,10.0
7943,10.0
7944,78.0
7945,21.0
7946,5.0
7947,75.0
7948,10.0
7949,62.0
7950,85.0
7951,27.0
7952,93.0
7953,33.0
7954,14.0
7955,30.0
7956,102.0
7957,24.0
7958,81.0
7959,22.0
7960,20.0
7961,3.0
7962,10.0
7963,17.0
7964,8.0
7965,4.0
7966,5.0
7967,13.0
7968,133.0
7969,26.0
7970,115.0
7971,67.0
7972,39.0
7973,29.0
7974,29.0
7975,25.0
7976,43.0
7977,10.0
7978,53.0
7979,51.0
7980,73.0
7981,79.0
7982,14.0
7983,41.0
7984,38.0
7985,73.0
7986,6.0
7987,5.0
7988,14.0
7989,51.0
7990,43.0
7991,44.0
7992,36.0
7993,61.0
7994,47.0
7995,48.0
7996,30.0
7997,38.0
7998,38.0
7999,29.0
8000,84.0
8001,30.0
8002,60.0
8003,25.0
8004,25.0
8005,18.0
8006,15.0
8007,16.0
8008,18.0
8009,17.0
8010,20.0
8011,14.0
8012,11.0
8013,5.0
8014,19.0
8015,8.0
8016,24.0
8017,9.0
8018,21.0
8019,26.0
8020,17.0
8021,13.0
8022,14.0
8023,12.0
8024,16.0
8025,13.0
8026,44.0
8027,110.0
8028,51.0
8029,77.0
8030,101.0
8031,137.0
8032,75.0
8033,81.0
8034,76.0
8035,75.0
8036,56.0
8037,52.0
8038,37.0
8039,36.0
8040,85.0
8041,41.0
8042,34.0
8043,88.0
8044,10.0
8045,12.0
8046,15.0
8047,10.0
8048,9.0
8049,38.0
8050,40.0
8051,49.0
8052,82.0
8053,76.0
8054,24.0
8055,54.0
8056,40.0
8057,41.0
8058,116.0
8059,132.0
8060,126.0
8061,128.0
8062,142.0
8063,139.0
8064,7.0
8065,3.0
8066,169.20999999999913
8067,142.0
8068,18.0
8069,137.0
8070,162.0
8071,169.20999999999913
8072,127.0
8073,169.20999999999913
8074,162.0
8075,169.20999999999913
8076,90.0
8077,169.20999999999913
8078,87.0
8079,81.0
8080,169.20999999999913
8081,109.0
8082,102.0
8083,67.0
8084,169.20999999999913
8085,48.0
8086,169.20999999999913
8087,169.20999999999913
8088,169.20999999999913
8089,123.0
8090,169.20999999999913
8091,169.20999999999913
8092,169.20999999999913
8093,169.20999999999913
8094,134.0
8095,165.0
8096,83.0
8097,26.0
8098,64.0
8099,51.0
8100,42.0
8101,66.0
8102,53.0
8103,76.0
8104,144.0
8105,37.0
8106,23.0
8107,9.0
8108,8.0
8109,6.0
8110,105.0
8111,7.0
8112,162.0
8113,155.0
8114,46.0
8115,104.0
8116,169.20999999999913
8117,7.0
8118,44.0
8119,50.0
8120,89.0
8121,40.0
8122,56.0
8123,67.0
8124,42.0
8125,35.0
8126,31.0
8127,38.0
8128,7.0
8129,5.0
8130,5.0
8131,6.0
8132,6.0
8133,8.0
8134,7.0
8135,7.0
8136,7.0
8137,12.0
8138,7.0
8139,5.0
8140,11.0
8141,15.0
8142,12.0
8143,69.0
8144,73.0
8145,37.0
8146,75.0
8147,128.0
8148,67.0
8149,169.20999999999913
8150,154.0
8151,104.0
8152,146.0
8153,27.0
8154,29.0
8155,167.0
8156,169.20999999999913
8157,169.20999999999913
8158,95.0
8159,64.0
8160,87.0
8161,34.0
8162,49.0
8163,29.0
8164,74.0
8165,48.0
8166,69.0
8167,37.0
8168,54.0
8169,78.0
8170,41.0
8171,110.0
8172,72.0
8173,51.0
8174,104.0
8175,24.0
8176,35.0
8177,34.0
8178,16.0
8179,38.0
8180,72.0
8181,34.0
8182,34.0
8183,47.0
8184,48.0
8185,42.0
8186,169.20999999999913
8187,66.0
8188,67.0
8189,90.0
8190,33.0
8191,34.0
8192,132.0
8193,69.0
8194,32.0
8195,13.0
8196,14.0
8197,29.0
8198,24.0
8199,32.0
8200,20.0
8201,15.0
8202,15.0
8203,19.0
8204,24.0
8205,19.0
8206,15.0
8207,20.0
8208,30.0
8209,18.0
8210,33.0
8211,24.0
8212,19.0
8213,10.0
8214,17.0
8215,21.0
8216,25.0
8217,11.0
8218,22.0
8219,12.0
8220,15.0
8221,21.0
8222,20.0
8223,17.0
8224,27.0
8225,23.0
8226,39.0
8227,34.0
8228,31.0
8229,21.0
8230,29.0
8231,21.0
8232,38.0
8233,22.0
8234,37.0
8235,43.0
8236,32.0
8237,16.0
8238,20.0
8239,22.0
8240,13.0
8241,10.0
8242,11.0
8243,19.0
8244,24.0
8245,28.0
8246,30.0
8247,10.0
8248,9.0
8249,30.0
8250,75.0
8251,64.0
8252,28.0
8253,23.0
8254,161.0
8255,64.0
8256,41.0
8257,50.0
8258,35.0
8259,50.0
8260,54.0
8261,17.0
8262,153.0
8263,96.0
8264,169.20999999999913
8265,120.0
8266,89.0
8267,156.0
8268,169.20999999999913
8269,25.0
8270,57.0
8271,26.0
8272,169.20999999999913
8273,169.20999999999913
8274,152.0
8275,45.0
8276,37.0
8277,47.0
8278,77.0
8279,32.0
